9.999999776482582092e-03 2.262843251228332520e-01 0.000000000000000000e+00
1.006021536886692047e-02 2.263681874275207673e-01 0.000000000000000000e+00
1.012079324573278427e-02 2.264530262947082595e-01 0.000000000000000000e+00
1.018173620104789734e-02 2.265390858650207506e-01 0.000000000000000000e+00
1.024304516613483429e-02 2.266263661384582406e-01 0.000000000000000000e+00
1.030472386628389359e-02 2.267151112556457515e-01 0.000000000000000000e+00
1.036677416414022446e-02 2.268048329353332393e-01 0.000000000000000000e+00
1.042919792234897614e-02 2.268960194587707757e-01 0.000000000000000000e+00
1.049199793487787247e-02 2.269884266853332833e-01 0.000000000000000000e+00
1.055517606437206268e-02 2.270820546150207897e-01 0.000000000000000000e+00
1.061873417347669601e-02 2.271771473884583170e-01 0.000000000000000000e+00
1.068267505615949631e-02 2.272734608650207877e-01 0.000000000000000000e+00
1.074700150638818741e-02 2.273712391853332793e-01 0.000000000000000000e+00
1.081171445548534393e-02 2.274704823493957917e-01 0.000000000000000000e+00
1.087681762874126434e-02 2.275709462165833030e-01 0.000000000000000000e+00
1.094231288880109787e-02 2.276731190681457739e-01 0.000000000000000000e+00
1.100820209830999374e-02 2.277765126228332992e-01 0.000000000000000000e+00
1.107448805123567581e-02 2.278813710212707899e-01 0.000000000000000000e+00
1.114117354154586792e-02 2.279879384040832957e-01 0.000000000000000000e+00
1.120826043188571930e-02 2.280959706306457668e-01 0.000000000000000000e+00
1.127575151622295380e-02 2.282054677009582588e-01 0.000000000000000000e+00
1.134364865720272064e-02 2.283166737556457659e-01 0.000000000000000000e+00
1.141195464879274368e-02 2.284293446540832939e-01 0.000000000000000000e+00
1.148067228496074677e-02 2.285437245368958092e-01 0.000000000000000000e+00
1.154980342835187912e-02 2.286595692634582899e-01 0.000000000000000000e+00
1.161935087293386459e-02 2.287773671150208077e-01 0.000000000000000000e+00
1.168931741267442703e-02 2.288966298103332908e-01 0.000000000000000000e+00
1.175970491021871567e-02 2.290178456306457833e-01 0.000000000000000000e+00
1.183051615953445435e-02 2.291405262947082966e-01 0.000000000000000000e+00
1.190175395458936691e-02 2.292651600837708192e-01 0.000000000000000000e+00
1.197342015802860260e-02 2.293917469978333512e-01 0.000000000000000000e+00
1.204551849514245987e-02 2.295200428962708428e-01 0.000000000000000000e+00
1.211805082857608795e-02 2.296500477790833494e-01 0.000000000000000000e+00
1.219102088361978531e-02 2.297822499275208596e-01 0.000000000000000000e+00
1.226442866027355194e-02 2.299161610603333572e-01 0.000000000000000000e+00
1.233827974647283554e-02 2.300520253181458363e-01 0.000000000000000000e+00
1.241257507354021072e-02 2.301900868415833468e-01 0.000000000000000000e+00
1.248731743544340134e-02 2.303301014900208388e-01 0.000000000000000000e+00
1.256251055747270584e-02 2.304720692634583401e-01 0.000000000000000000e+00
1.263815630227327347e-02 2.306159901618958508e-01 0.000000000000000000e+00
1.271425653249025345e-02 2.307623524665833592e-01 0.000000000000000000e+00
1.279081590473651886e-02 2.309106678962708770e-01 0.000000000000000000e+00
1.286783628165721893e-02 2.310611805915833983e-01 0.000000000000000000e+00
1.294532045722007751e-02 2.312138905525209231e-01 0.000000000000000000e+00
1.302327122539281845e-02 2.313687977790833961e-01 0.000000000000000000e+00
1.310169138014316559e-02 2.315261464118958945e-01 0.000000000000000000e+00
1.318058371543884277e-02 2.316856923103333965e-01 0.000000000000000000e+00
1.325995009392499924e-02 2.318476796150209240e-01 0.000000000000000000e+00
1.333979610353708267e-02 2.320121083259584494e-01 0.000000000000000000e+00
1.342012174427509308e-02 2.321787343025209227e-01 0.000000000000000000e+00
1.350093167275190353e-02 2.323480458259584436e-01 0.000000000000000000e+00
1.358222775161266327e-02 2.325197987556459622e-01 0.000000000000000000e+00
1.366401370614767075e-02 2.326942372322084729e-01 0.000000000000000000e+00
1.374629139900207520e-02 2.328711171150209813e-01 0.000000000000000000e+00
1.382906548678874969e-02 2.330506825447084818e-01 0.000000000000000000e+00
1.391233690083026886e-02 2.332329335212709742e-01 0.000000000000000000e+00
1.399611122906208038e-02 2.334176259040834922e-01 0.000000000000000000e+00
1.408038847148418427e-02 2.336054921150209907e-01 0.000000000000000000e+00
1.416517421603202820e-02 2.337957997322084869e-01 0.000000000000000000e+00
1.425047032535076141e-02 2.339890370368959693e-01 0.000000000000000000e+00
1.433627959340810776e-02 2.341852040290834935e-01 0.000000000000000000e+00
1.442260667681694031e-02 2.343843007087710040e-01 0.000000000000000000e+00
1.450945250689983368e-02 2.345865712165834949e-01 0.000000000000000000e+00
1.459682174026966095e-02 2.347915272712709778e-01 0.000000000000000000e+00
1.468471623957157135e-02 2.349996571540834966e-01 0.000000000000000000e+00
1.477314066141843796e-02 2.352109608650209960e-01 0.000000000000000000e+00
1.486209779977798462e-02 2.354251942634585093e-01 0.000000000000000000e+00
1.495159044861793518e-02 2.356428456306460251e-01 0.000000000000000000e+00
1.504162233322858810e-02 2.358636708259585213e-01 0.000000000000000000e+00
1.513219531625509262e-02 2.360879139900210200e-01 0.000000000000000000e+00
1.522331405431032181e-02 2.363153309822085268e-01 0.000000000000000000e+00
1.531498227268457413e-02 2.365461659431460084e-01 0.000000000000000000e+00
1.540720183402299881e-02 2.367804188728335202e-01 0.000000000000000000e+00
1.549997646361589432e-02 2.370183339118960009e-01 0.000000000000000000e+00
1.559330988675355911e-02 2.372596669197085117e-01 0.000000000000000000e+00
1.568720489740371704e-02 2.375044178962709973e-01 0.000000000000000000e+00
1.578166708350181580e-02 2.377530751228334738e-01 0.000000000000000000e+00
1.587669551372528076e-02 2.380051503181459804e-01 0.000000000000000000e+00
1.597229763865470886e-02 2.382611317634584502e-01 0.000000000000000000e+00
1.606847532093524933e-02 2.385207753181459445e-01 0.000000000000000000e+00
1.616523228585720062e-02 2.387843251228334573e-01 0.000000000000000000e+00
1.626257225871086121e-02 2.390517811775209334e-01 0.000000000000000000e+00
1.636049710214138031e-02 2.393231434822084280e-01 0.000000000000000000e+00
1.645901240408420563e-02 2.395986561775209356e-01 0.000000000000000000e+00
1.655812188982963562e-02 2.398778309822084120e-01 0.000000000000000000e+00
1.665782742202281952e-02 2.401614003181458956e-01 0.000000000000000000e+00
1.675813272595405579e-02 2.404488759040833978e-01 0.000000000000000000e+00
1.685904152691364288e-02 2.407405018806458574e-01 0.000000000000000000e+00
1.696055941283702850e-02 2.410365223884583519e-01 0.000000000000000000e+00
1.706268824636936188e-02 2.413366932868958592e-01 0.000000000000000000e+00
1.716543175280094147e-02 2.416410145759583517e-01 0.000000000000000000e+00
1.726879365742206573e-02 2.419499745368958454e-01 0.000000000000000000e+00
1.737277768552303314e-02 2.422628407478333579e-01 0.000000000000000000e+00
1.747738756239414215e-02 2.425805897712708659e-01 0.000000000000000000e+00
1.758262887597084045e-02 2.429024891853333867e-01 0.000000000000000000e+00
1.768850348889827728e-02 2.432287831306458592e-01 0.000000000000000000e+00
1.779501512646675110e-02 2.435597157478333608e-01 0.000000000000000000e+00
1.790216751396656036e-02 2.438952870368958636e-01 0.000000000000000000e+00
1.800996623933315277e-02 2.442348866462708545e-01 0.000000000000000000e+00
1.811841316521167755e-02 2.445793690681458687e-01 0.000000000000000000e+00
1.822751387953758240e-02 2.449287343025208785e-01 0.000000000000000000e+00
1.833727210760116577e-02 2.452820057868959069e-01 0.000000000000000000e+00
1.844768971204757690e-02 2.456401600837708754e-01 0.000000000000000000e+00
1.855877414345741272e-02 2.460031971931458949e-01 0.000000000000000000e+00
1.867052540183067322e-02 2.463701405525208776e-01 0.000000000000000000e+00
1.878295093774795532e-02 2.467419667243958559e-01 0.000000000000000000e+00
1.889605261385440826e-02 2.471181874275208967e-01 0.000000000000000000e+00
1.900983601808547974e-02 2.474988026618958892e-01 0.000000000000000000e+00
1.912430487573146820e-02 2.478838124275208887e-01 0.000000000000000000e+00
1.923946291208267212e-02 2.482732167243958954e-01 0.000000000000000000e+00
1.935531385242938995e-02 2.486665272712708652e-01 0.000000000000000000e+00
1.947186142206192017e-02 2.490642323493958976e-01 0.000000000000000000e+00
1.958911120891571045e-02 2.494658436775208932e-01 0.000000000000000000e+00
1.970706880092620850e-02 2.498713612556459074e-01 0.000000000000000000e+00
1.982573419809341431e-02 2.502807850837708847e-01 0.000000000000000000e+00
1.994511671364307404e-02 2.506936268806459478e-01 0.000000000000000000e+00
2.006521634757518768e-02 2.511098866462709855e-01 0.000000000000000000e+00
2.018603868782520294e-02 2.515295643806459980e-01 0.000000000000000000e+00
2.030759118497371674e-02 2.519521718025209966e-01 0.000000000000000000e+00
2.042987383902072906e-02 2.523772206306459931e-01 0.000000000000000000e+00
2.055289223790168762e-02 2.528047108650209873e-01 0.000000000000000000e+00
2.067665196955204010e-02 2.532341542243959909e-01 0.000000000000000000e+00
2.080115675926208496e-02 2.536655507087710038e-01 0.000000000000000000e+00
2.092641219496726990e-02 2.540984120368960375e-01 0.000000000000000000e+00
2.105242013931274414e-02 2.545322499275210482e-01 0.000000000000000000e+00
2.117918804287910461e-02 2.549660878181460588e-01 0.000000000000000000e+00
2.130671963095664978e-02 2.554004139900210579e-01 0.000000000000000000e+00
2.143501862883567810e-02 2.558337635993960801e-01 0.000000000000000000e+00
2.156409062445163727e-02 2.562661366462711254e-01 0.000000000000000000e+00
2.169393934309482574e-02 2.566965565681461059e-01 0.000000000000000000e+00
2.182457037270069122e-02 2.571250233650211325e-01 0.000000000000000000e+00
2.195598743855953217e-02 2.575500721931461290e-01 0.000000000000000000e+00
2.208819612860679626e-02 2.579712147712711068e-01 0.000000000000000000e+00
2.222120016813278198e-02 2.583874745368961445e-01 0.000000000000000000e+00
2.235500514507293701e-02 2.587988514900210757e-01 0.000000000000000000e+00
2.248961664736270905e-02 2.592038807868961015e-01 0.000000000000000000e+00
2.262503840029239655e-02 2.596015858650210784e-01 0.000000000000000000e+00
2.276127599179744720e-02 2.599919667243961174e-01 0.000000000000000000e+00
2.289833314716815948e-02 2.603735585212711423e-01 0.000000000000000000e+00
2.303621731698513031e-02 2.607453846931461761e-01 0.000000000000000000e+00
2.317493036389350891e-02 2.611074452400212187e-01 0.000000000000000000e+00
2.331447787582874298e-02 2.614582753181461938e-01 0.000000000000000000e+00
2.345486730337142944e-02 2.617978749275212125e-01 0.000000000000000000e+00
2.359610237181186676e-02 2.621252675056461867e-01 0.000000000000000000e+00
2.373818680644035339e-02 2.624399647712711836e-01 0.000000000000000000e+00
2.388112619519233704e-02 2.627414784431461592e-01 0.000000000000000000e+00
2.402492798864841461e-02 2.630293202400211805e-01 0.000000000000000000e+00
2.416959404945373535e-02 2.633039784431461805e-01 0.000000000000000000e+00
2.431513182818889618e-02 2.635639882087711938e-01 0.000000000000000000e+00
2.446154691278934479e-02 2.638103260993961974e-01 0.000000000000000000e+00
2.460884302854537964e-02 2.640420155525212142e-01 0.000000000000000000e+00
2.475702576339244843e-02 2.642600331306462214e-01 0.000000000000000000e+00
2.490610070526599884e-02 2.644643788337712187e-01 0.000000000000000000e+00
2.505607344210147858e-02 2.646550526618962063e-01 0.000000000000000000e+00
2.520694956183433533e-02 2.648320546150211841e-01 0.000000000000000000e+00
2.535873278975486755e-02 2.649958729743961960e-01 0.000000000000000000e+00
2.551143057644367218e-02 2.651469960212711752e-01 0.000000000000000000e+00
2.566504850983619690e-02 2.652864003181461539e-01 0.000000000000000000e+00
2.581959217786788940e-02 2.654131093025211552e-01 0.000000000000000000e+00
2.597506530582904816e-02 2.655285878181461445e-01 0.000000000000000000e+00
2.613147534430027008e-02 2.656333241462711103e-01 0.000000000000000000e+00
2.628882601857185364e-02 2.657273182868961081e-01 0.000000000000000000e+00
2.644712477922439575e-02 2.658115468025210593e-01 0.000000000000000000e+00
2.660637721419334412e-02 2.658860096931460748e-01 0.000000000000000000e+00
2.676658891141414642e-02 2.659511952400211432e-01 0.000000000000000000e+00
2.692776359617710114e-02 2.660075917243961419e-01 0.000000000000000000e+00
2.708991058170795441e-02 2.660556874275211148e-01 0.000000000000000000e+00
2.725303359329700470e-02 2.660959706306461059e-01 0.000000000000000000e+00
2.741713821887969971e-02 2.661289296150211037e-01 0.000000000000000000e+00
2.758223190903663635e-02 2.661545643806461081e-01 0.000000000000000000e+00
2.774831838905811310e-02 2.661738514900210961e-01 0.000000000000000000e+00
2.791540510952472687e-02 2.661863026618960792e-01 0.000000000000000000e+00
2.808349952101707458e-02 2.661928944587710899e-01 0.000000000000000000e+00
2.825260534882545471e-02 2.661936268806461281e-01 0.000000000000000000e+00
2.842272818088531494e-02 2.661889882087711823e-01 0.000000000000000000e+00
2.859387733042240143e-02 2.661794667243961854e-01 0.000000000000000000e+00
2.876605652272701263e-02 2.661645741462712045e-01 0.000000000000000000e+00
2.893927134573459625e-02 2.661452870368961610e-01 0.000000000000000000e+00
2.911352925002574921e-02 2.661216053962711658e-01 0.000000000000000000e+00
2.928883768618106842e-02 2.660935292243961636e-01 0.000000000000000000e+00
2.946520224213600159e-02 2.660615468025211983e-01 0.000000000000000000e+00
2.964262664318084717e-02 2.660261464118962027e-01 0.000000000000000000e+00
2.982112020254135132e-02 2.659868397712711885e-01 0.000000000000000000e+00
3.000069037079811096e-02 2.659441151618961441e-01 0.000000000000000000e+00
3.018133901059627533e-02 2.658984608650211690e-01 0.000000000000000000e+00
3.036307729780673981e-02 2.658493885993961636e-01 0.000000000000000000e+00
3.054590895771980286e-02 2.657973866462712276e-01 0.000000000000000000e+00
3.072984330356121063e-02 2.657429432868962382e-01 0.000000000000000000e+00
3.091488406062126160e-02 2.656855702400212071e-01 0.000000000000000000e+00
3.110103867948055267e-02 2.656257557868962338e-01 0.000000000000000000e+00
3.128831461071968079e-02 2.655634999275212071e-01 0.000000000000000000e+00
3.147671744227409363e-02 2.654988026618961827e-01 0.000000000000000000e+00
3.166625648736953735e-02 2.654321522712712045e-01 0.000000000000000000e+00
3.185693547129631042e-02 2.653635487556462169e-01 0.000000000000000000e+00
3.204876184463500977e-02 2.652929921150212200e-01 0.000000000000000000e+00
3.224174305796623230e-02 2.652204823493962138e-01 0.000000000000000000e+00
3.243589028716087341e-02 2.651460194587711983e-01 0.000000000000000000e+00
3.263120353221893311e-02 2.650700917243962174e-01 0.000000000000000000e+00
3.282769396901130676e-02 2.649922108650212271e-01 0.000000000000000000e+00
3.302536532282829285e-02 2.649133534431462045e-01 0.000000000000000000e+00
3.322422876954078674e-02 2.648325428962711725e-01 0.000000000000000000e+00
3.342428803443908691e-02 2.647507557868961636e-01 0.000000000000000000e+00
3.362555429339408875e-02 2.646675038337711894e-01 0.000000000000000000e+00
3.382803127169609070e-02 2.645832753181461827e-01 0.000000000000000000e+00
3.403173014521598816e-02 2.644975819587712107e-01 0.000000000000000000e+00
3.423665091395378113e-02 2.644109120368962063e-01 0.000000000000000000e+00
3.444280847907066345e-02 2.643227772712711809e-01 0.000000000000000000e+00
3.465020656585693359e-02 2.642341542243961672e-01 0.000000000000000000e+00
3.485885262489318848e-02 2.641445546150211210e-01 0.000000000000000000e+00
3.506875783205032349e-02 2.640539784431460979e-01 0.000000000000000000e+00
3.527992591261863708e-02 2.639624257087710979e-01 0.000000000000000000e+00
3.549236431717872620e-02 2.638703846931461094e-01 0.000000000000000000e+00
3.570608422160148621e-02 2.637778553962711325e-01 0.000000000000000000e+00
3.592108935117721558e-02 2.636843495368961232e-01 0.000000000000000000e+00
3.613738715648651123e-02 2.635903553962711254e-01 0.000000000000000000e+00
3.635498881340026855e-02 2.634953846931460952e-01 0.000000000000000000e+00
3.657390177249908447e-02 2.634004139900210650e-01 0.000000000000000000e+00
3.679413348436355591e-02 2.633049550056460464e-01 0.000000000000000000e+00
3.701569139957427979e-02 2.632090077400210393e-01 0.000000000000000000e+00
3.723857924342155457e-02 2.631125721931460437e-01 0.000000000000000000e+00
3.746281564235687256e-02 2.630156483650210597e-01 0.000000000000000000e+00
3.768839687108993530e-02 2.629192128181460641e-01 0.000000000000000000e+00
3.791533783078193665e-02 2.628218007087710917e-01 0.000000000000000000e+00
3.814364597201347351e-02 2.627243885993961192e-01 0.000000000000000000e+00
3.837333247065544128e-02 2.626269764900211467e-01 0.000000000000000000e+00
3.860439732670783997e-02 2.625295643806461743e-01 0.000000000000000000e+00
3.883685544133186340e-02 2.624316639900212134e-01 0.000000000000000000e+00
3.907071053981781006e-02 2.623342518806462409e-01 0.000000000000000000e+00
3.930597752332687378e-02 2.622363514900212800e-01 0.000000000000000000e+00
3.954266011714935303e-02 2.621389393806463075e-01 0.000000000000000000e+00
3.978076577186584473e-02 2.620415272712713350e-01 0.000000000000000000e+00
4.002030566334724426e-02 2.619441151618963626e-01 0.000000000000000000e+00
4.026129096746444702e-02 2.618471913337713786e-01 0.000000000000000000e+00
4.050372540950775146e-02 2.617502675056463946e-01 0.000000000000000000e+00
4.074762016534805298e-02 2.616538319587713990e-01 0.000000000000000000e+00
4.099298268556594849e-02 2.615573964118964034e-01 0.000000000000000000e+00
4.123982414603233337e-02 2.614619374275213848e-01 0.000000000000000000e+00
4.148814827203750610e-02 2.613664784431463661e-01 0.000000000000000000e+00
4.173796996474266052e-02 2.612715077400213359e-01 0.000000000000000000e+00
4.198929667472839355e-02 2.611770253181462942e-01 0.000000000000000000e+00
4.224213957786560059e-02 2.610830311775212964e-01 0.000000000000000000e+00
4.249649867415428162e-02 2.609895253181462871e-01 0.000000000000000000e+00
4.275239259004592896e-02 2.608969960212713102e-01 0.000000000000000000e+00
4.300982877612113953e-02 2.608049550056463217e-01 0.000000000000000000e+00
4.326881468296051025e-02 2.607134022712713217e-01 0.000000000000000000e+00
4.352935776114463806e-02 2.606233143806462871e-01 0.000000000000000000e+00
4.379147291183471680e-02 2.605332264900212524e-01 0.000000000000000000e+00
4.405516386032104492e-02 2.604446034431461832e-01 0.000000000000000000e+00
4.432044178247451782e-02 2.603564686775211579e-01 0.000000000000000000e+00
4.458731785416603088e-02 2.602697987556462089e-01 0.000000000000000000e+00
4.485580325126647949e-02 2.601836171150211929e-01 0.000000000000000000e+00
4.512590169906616211e-02 2.600989003181461423e-01 0.000000000000000000e+00
4.539763182401657104e-02 2.600151600837711241e-01 0.000000000000000000e+00
4.567099362611770630e-02 2.599323964118961938e-01 0.000000000000000000e+00
4.594600200653076172e-02 2.598510975837711734e-01 0.000000000000000000e+00
4.622266814112663269e-02 2.597707753181461854e-01 0.000000000000000000e+00
4.650099948048591614e-02 2.596919178962711627e-01 0.000000000000000000e+00
4.678100720047950745e-02 2.596145253181461610e-01 0.000000000000000000e+00
4.706269875168800354e-02 2.595381093025211916e-01 0.000000000000000000e+00
4.734608903527259827e-02 2.594636464118961761e-01 0.000000000000000000e+00
4.763118550181388855e-02 2.593906483650211814e-01 0.000000000000000000e+00
4.791799560189247131e-02 2.593191151618961521e-01 0.000000000000000000e+00
4.820653796195983887e-02 2.592495350837711876e-01 0.000000000000000000e+00
4.849681258201599121e-02 2.591814198493961885e-01 0.000000000000000000e+00
4.878883808851242065e-02 2.591147694587711547e-01 0.000000000000000000e+00
4.908262193202972412e-02 2.590505604743961188e-01 0.000000000000000000e+00
4.937817528843879700e-02 2.589878163337711592e-01 0.000000000000000000e+00
4.967550560832023621e-02 2.589275135993961419e-01 0.000000000000000000e+00
4.997462779283523560e-02 2.588686757087712009e-01 0.000000000000000000e+00
5.027555301785469055e-02 2.588122792243962023e-01 0.000000000000000000e+00
5.057828873395919800e-02 2.587578358650212129e-01 0.000000000000000000e+00
5.088284611701965332e-02 2.587058339118962214e-01 0.000000000000000000e+00
5.118924006819725037e-02 2.586557850837712391e-01 0.000000000000000000e+00
5.149747803807258606e-02 2.586081776618961992e-01 0.000000000000000000e+00
5.180757120251655579e-02 2.585634999275212009e-01 0.000000000000000000e+00
5.211953073740005493e-02 2.585207753181461565e-01 0.000000000000000000e+00
5.243337154388427734e-02 2.584809803962711539e-01 0.000000000000000000e+00
5.274910107254981995e-02 2.584436268806461490e-01 0.000000000000000000e+00
5.306673049926757812e-02 2.584092030525211858e-01 0.000000000000000000e+00
5.338627099990844727e-02 2.583777089118962089e-01 0.000000000000000000e+00
5.370773747563362122e-02 2.583491444587712738e-01 0.000000000000000000e+00
5.403114110231399536e-02 2.583230214118962809e-01 0.000000000000000000e+00
5.435649305582046509e-02 2.583008046150213066e-01 0.000000000000000000e+00
5.468380078673362732e-02 2.582810292243962746e-01 0.000000000000000000e+00
5.501308292150497437e-02 2.582651600837712613e-01 0.000000000000000000e+00
5.534434318542480469e-02 2.582522206306462897e-01 0.000000000000000000e+00
5.567760020494461060e-02 2.582431874275213368e-01 0.000000000000000000e+00
5.601286515593528748e-02 2.582370839118963701e-01 0.000000000000000000e+00
5.635014921426773071e-02 2.582353749275213550e-01 0.000000000000000000e+00
5.668946355581283569e-02 2.582365956306463262e-01 0.000000000000000000e+00
5.703081935644149780e-02 2.582422108650213044e-01 0.000000000000000000e+00
5.737423151731491089e-02 2.582517323493963013e-01 0.000000000000000000e+00
5.771971493959426880e-02 2.582651600837713168e-01 0.000000000000000000e+00
5.806727334856987000e-02 2.582829823493962840e-01 0.000000000000000000e+00
5.841692909598350525e-02 2.583051991462713137e-01 0.000000000000000000e+00
5.876868590712547302e-02 2.583318104743962951e-01 0.000000000000000000e+00
5.912256613373756409e-02 2.583628163337712835e-01 0.000000000000000000e+00
5.947857350111007690e-02 2.583987050056462675e-01 0.000000000000000000e+00
5.983672291040420532e-02 2.584394764900213026e-01 0.000000000000000000e+00
6.019703298807144165e-02 2.584846425056462893e-01 0.000000000000000000e+00
6.055951118469238281e-02 2.585356678962713040e-01 0.000000000000000000e+00
6.092417240142822266e-02 2.585915760993962587e-01 0.000000000000000000e+00
6.129102781414985657e-02 2.586528553962713084e-01 0.000000000000000000e+00
6.166009604930877686e-02 2.587195057868963421e-01 0.000000000000000000e+00
6.203138083219528198e-02 2.587915272712713599e-01 0.000000000000000000e+00
6.240490451455116272e-02 2.588698964118963386e-01 0.000000000000000000e+00
6.278067827224731445e-02 2.589541249275213453e-01 0.000000000000000000e+00
6.315871328115463257e-02 2.590442128181463244e-01 0.000000000000000000e+00
6.353902816772460938e-02 2.591411366462713084e-01 0.000000000000000000e+00
6.392163038253784180e-02 2.592439198493962649e-01 0.000000000000000000e+00
6.430653482675552368e-02 2.593535389900212818e-01 0.000000000000000000e+00
6.469375640153884888e-02 2.594699940681462480e-01 0.000000000000000000e+00
6.508331000804901123e-02 2.595937733650212631e-01 0.000000000000000000e+00
6.547521799802780151e-02 2.597243885993962831e-01 0.000000000000000000e+00
6.586947292089462280e-02 2.598623280525212409e-01 0.000000000000000000e+00
6.626611202955245972e-02 2.600085682868962245e-01 0.000000000000000000e+00
6.666513532400131226e-02 2.601616444587711574e-01 0.000000000000000000e+00
6.706655770540237427e-02 2.603235096931461601e-01 0.000000000000000000e+00
6.747040152549743652e-02 2.604931874275211445e-01 0.000000000000000000e+00
6.787667423486709595e-02 2.606711659431460992e-01 0.000000000000000000e+00
6.828539818525314331e-02 2.608584218025211121e-01 0.000000000000000000e+00
6.869658082723617554e-02 2.610539784431460952e-01 0.000000000000000000e+00
6.911023706197738647e-02 2.612593007087711250e-01 0.000000000000000000e+00
6.952638924121856689e-02 2.614734120368961690e-01 0.000000000000000000e+00
6.994504481554031372e-02 2.616977772712711925e-01 0.000000000000000000e+00
7.036621868610382080e-02 2.619319081306462071e-01 0.000000000000000000e+00
7.078993320465087891e-02 2.621762928962712014e-01 0.000000000000000000e+00
7.121619582176208496e-02 2.624309315681461752e-01 0.000000000000000000e+00
7.164502888917922974e-02 2.626963124275211725e-01 0.000000000000000000e+00
7.207643985748291016e-02 2.629729237556462373e-01 0.000000000000000000e+00
7.251045107841491699e-02 2.632612538337712471e-01 0.000000000000000000e+00
7.294707000255584717e-02 2.635608143806463244e-01 0.000000000000000000e+00
7.338632643222808838e-02 2.638725819587713350e-01 0.000000000000000000e+00
7.382822781801223755e-02 2.641965565681463901e-01 0.000000000000000000e+00
7.427278161048889160e-02 2.645332264900213670e-01 0.000000000000000000e+00
7.472001761198043823e-02 2.648830800056463652e-01 0.000000000000000000e+00
7.516995072364807129e-02 2.652456288337713963e-01 0.000000000000000000e+00
7.562258839607238770e-02 2.656223378181464256e-01 0.000000000000000000e+00
7.607794553041458130e-02 2.660132069587714532e-01 0.000000000000000000e+00
7.653605192899703979e-02 2.664182362556464789e-01 0.000000000000000000e+00
7.699691504240036011e-02 2.668384022712714798e-01 0.000000000000000000e+00
7.746055722236633301e-02 2.672732167243964674e-01 0.000000000000000000e+00
7.792698591947555542e-02 2.677236561775214185e-01 0.000000000000000000e+00
7.839623093605041504e-02 2.681906971931464212e-01 0.000000000000000000e+00
7.886829227209091187e-02 2.686733632087714430e-01 0.000000000000000000e+00
7.934319972991943359e-02 2.691731190681464492e-01 0.000000000000000000e+00
7.982096821069717407e-02 2.696899647712714398e-01 0.000000000000000000e+00
8.030161261558532715e-02 2.702243885993964034e-01 0.000000000000000000e+00
8.078514784574508667e-02 2.707763905525213954e-01 0.000000000000000000e+00
8.127160370349884033e-02 2.713469471931463928e-01 0.000000000000000000e+00
8.176098018884658813e-02 2.719365468025213839e-01 0.000000000000000000e+00
8.225330710411071777e-02 2.725451893806463688e-01 0.000000000000000000e+00
8.274859935045242310e-02 2.731733632087713359e-01 0.000000000000000000e+00
8.324687182903289795e-02 2.738215565681463293e-01 0.000000000000000000e+00
8.374814689159393311e-02 2.744897694587712933e-01 0.000000000000000000e+00
8.425243198871612549e-02 2.751789784431463159e-01 0.000000000000000000e+00
8.475976437330245972e-02 2.758886952400212977e-01 0.000000000000000000e+00
8.527014404535293579e-02 2.766203846931462595e-01 0.000000000000000000e+00
8.578360080718994141e-02 2.773730702400212800e-01 0.000000000000000000e+00
8.630014955997467041e-02 2.781482167243962689e-01 0.000000000000000000e+00
8.681981265544891357e-02 2.789453358650212933e-01 0.000000000000000000e+00
8.734259754419326782e-02 2.797649159431462862e-01 0.000000000000000000e+00
8.786853402853012085e-02 2.806069569587712476e-01 0.000000000000000000e+00
8.839763700962066650e-02 2.814714589118962329e-01 0.000000000000000000e+00
8.892992883920669556e-02 2.823589100837711752e-01 0.000000000000000000e+00
8.946541696786880493e-02 2.832693104743961299e-01 0.000000000000000000e+00
9.000413864850997925e-02 2.842021718025211086e-01 0.000000000000000000e+00
9.054610133171081543e-02 2.851574940681461112e-01 0.000000000000000000e+00
9.109132736921310425e-02 2.861352772712711379e-01 0.000000000000000000e+00
9.163983911275863647e-02 2.871350331306461445e-01 0.000000000000000000e+00
9.219165146350860596e-02 2.881567616462711312e-01 0.000000000000000000e+00
9.274677932262420654e-02 2.891994862556461210e-01 0.000000000000000000e+00
9.330525994300842285e-02 2.902632069587711139e-01 0.000000000000000000e+00
9.386710077524185181e-02 2.913469471931461330e-01 0.000000000000000000e+00
9.443232417106628418e-02 2.924502186775211343e-01 0.000000000000000000e+00
9.500095248222351074e-02 2.935720448493960855e-01 0.000000000000000000e+00
9.557300060987472534e-02 2.947114491462710650e-01 0.000000000000000000e+00
9.614849835634231567e-02 2.958669667243961077e-01 0.000000000000000000e+00
9.672746062278747559e-02 2.970381093025211139e-01 0.000000000000000000e+00
9.730990231037139893e-02 2.982234120368961183e-01 0.000000000000000000e+00
9.789586067199707031e-02 2.994214100837711556e-01 0.000000000000000000e+00
9.848534315824508667e-02 3.006306385993961494e-01 0.000000000000000000e+00
9.907837212085723877e-02 3.018496327400211343e-01 0.000000000000000000e+00
9.967497736215591431e-02 3.030764393806461565e-01 0.000000000000000000e+00
1.002751737833023071e-01 3.043100819587711281e-01 0.000000000000000000e+00
1.008789837360382080e-01 3.055481190681461068e-01 0.000000000000000000e+00
1.014864295721054077e-01 3.067890858650211272e-01 0.000000000000000000e+00
1.020975336432456970e-01 3.080315175056461130e-01 0.000000000000000000e+00
1.027123183012008667e-01 3.092729725837711219e-01 0.000000000000000000e+00
1.033307984471321106e-01 3.105124745368960659e-01 0.000000000000000000e+00
1.039530113339424133e-01 3.117470936775210699e-01 0.000000000000000000e+00
1.045789644122123718e-01 3.129763417243960899e-01 0.000000000000000000e+00
1.052086949348449707e-01 3.141982655525211166e-01 0.000000000000000000e+00
1.058422103524208069e-01 3.154104237556461521e-01 0.000000000000000000e+00
1.064795404672622681e-01 3.166123280525212080e-01 0.000000000000000000e+00
1.071207076311111450e-01 3.178020253181462196e-01 0.000000000000000000e+00
1.077657416462898254e-01 3.189775624275212329e-01 0.000000000000000000e+00
1.084146574139595032e-01 3.201389393806462480e-01 0.000000000000000000e+00
1.090674772858619690e-01 3.212842030525212000e-01 0.000000000000000000e+00
1.097242310643196106e-01 3.224123768806462231e-01 0.000000000000000000e+00
1.103849411010742188e-01 3.235224843025212293e-01 0.000000000000000000e+00
1.110496222972869873e-01 3.246135487556462418e-01 0.000000000000000000e+00
1.117183119058609009e-01 3.256855702400212604e-01 0.000000000000000000e+00
1.123910248279571533e-01 3.267375721931461974e-01 0.000000000000000000e+00
1.130677908658981323e-01 3.277685780525211867e-01 0.000000000000000000e+00
1.137486323714256287e-01 3.287790760993962169e-01 0.000000000000000000e+00
1.144335716962814331e-01 3.297680897712712000e-01 0.000000000000000000e+00
1.151226386427879333e-01 3.307356190681462471e-01 0.000000000000000000e+00
1.158158555626869202e-01 3.316811757087712587e-01 0.000000000000000000e+00
1.165132448077201843e-01 3.326052479743962786e-01 0.000000000000000000e+00
1.172148287296295166e-01 3.335078358650212516e-01 0.000000000000000000e+00
1.179206445813179016e-01 3.343884510993962444e-01 0.000000000000000000e+00
1.186307072639465332e-01 3.352480702400212342e-01 0.000000000000000000e+00
1.193450465798377991e-01 3.360862050056462325e-01 0.000000000000000000e+00
1.200636848807334900e-01 3.369033436775212276e-01 0.000000000000000000e+00
1.207866519689559937e-01 3.376999745368962080e-01 0.000000000000000000e+00
1.215139701962471008e-01 3.384760975837712293e-01 0.000000000000000000e+00
1.222456693649291992e-01 3.392322010993962245e-01 0.000000000000000000e+00
1.229817718267440796e-01 3.399687733650212373e-01 0.000000000000000000e+00
1.237223148345947266e-01 3.406858143806462125e-01 0.000000000000000000e+00
1.244673132896423340e-01 3.413838124275211938e-01 0.000000000000000000e+00
1.252167969942092896e-01 3.420637440681461583e-01 0.000000000000000000e+00
1.259707957506179810e-01 3.427260975837711499e-01 0.000000000000000000e+00
1.267293244600296021e-01 3.433703846931461245e-01 0.000000000000000000e+00
1.274924278259277344e-01 3.439975819587711148e-01 0.000000000000000000e+00
1.282601356506347656e-01 3.446081776618960535e-01 0.000000000000000000e+00
1.290324479341506958e-01 3.452026600837710402e-01 0.000000000000000000e+00
1.298094242811203003e-01 3.457810292243960193e-01 0.000000000000000000e+00
1.305910795927047729e-01 3.463447499275210117e-01 0.000000000000000000e+00
1.313774287700653076e-01 3.468933339118960291e-01 0.000000000000000000e+00
1.321685314178466797e-01 3.474272694587710597e-01 0.000000000000000000e+00
1.329643875360488892e-01 3.479475331306460251e-01 0.000000000000000000e+00
1.337650269269943237e-01 3.484536366462709922e-01 0.000000000000000000e+00
1.345705091953277588e-01 3.489470448493960375e-01 0.000000000000000000e+00
1.353808194398880005e-01 3.494277577400210499e-01 0.000000000000000000e+00
1.361960172653198242e-01 3.498957753181460295e-01 0.000000000000000000e+00
1.370161324739456177e-01 3.503520741462710641e-01 0.000000000000000000e+00
1.378411799669265747e-01 3.507961659431460544e-01 0.000000000000000000e+00
1.386711895465850830e-01 3.512295155525210766e-01 0.000000000000000000e+00
1.395062059164047241e-01 3.516516346931460868e-01 0.000000000000000000e+00
1.403462439775466919e-01 3.520634999275210619e-01 0.000000000000000000e+00
1.411913484334945679e-01 3.524651112556461130e-01 0.000000000000000000e+00
1.420415341854095459e-01 3.528564686775211290e-01 0.000000000000000000e+00
1.428968459367752075e-01 3.532385487556461423e-01 0.000000000000000000e+00
1.437572985887527466e-01 3.536108632087711645e-01 0.000000000000000000e+00
1.446229368448257446e-01 3.539743885993961725e-01 0.000000000000000000e+00
1.454937905073165894e-01 3.543296132087711547e-01 0.000000000000000000e+00
1.463698744773864746e-01 3.546755604743961898e-01 0.000000000000000000e+00
1.472512483596801758e-01 3.550136952400211876e-01 0.000000000000000000e+00
1.481379270553588867e-01 3.553440175056462036e-01 0.000000000000000000e+00
1.490299403667449951e-01 3.556660389900212493e-01 0.000000000000000000e+00
1.499273329973220825e-01 3.559812245368962347e-01 0.000000000000000000e+00
1.508301198482513428e-01 3.562885975837712382e-01 0.000000000000000000e+00
1.517383605241775513e-01 3.565896229743962809e-01 0.000000000000000000e+00
1.526520550251007080e-01 3.568833241462712746e-01 0.000000000000000000e+00
1.535712480545043945e-01 3.571701893806462635e-01 0.000000000000000000e+00
1.544959843158721924e-01 3.574511952400212800e-01 0.000000000000000000e+00
1.554262787103652954e-01 3.577258534431462800e-01 0.000000000000000000e+00
1.563621908426284790e-01 3.579941639900213191e-01 0.000000000000000000e+00
1.573037207126617432e-01 3.582566151618962746e-01 0.000000000000000000e+00
1.582509428262710571e-01 3.585136952400212462e-01 0.000000000000000000e+00
1.592038422822952271e-01 3.587654042243962893e-01 0.000000000000000000e+00
1.601624935865402222e-01 3.590112538337712489e-01 0.000000000000000000e+00
1.611269265413284302e-01 3.592522206306462684e-01 0.000000000000000000e+00
1.620971560478210449e-01 3.594878163337713040e-01 0.000000000000000000e+00
1.630732268095016479e-01 3.597190175056463324e-01 0.000000000000000000e+00
1.640551686286926270e-01 3.599448475837713768e-01 0.000000000000000000e+00
1.650430411100387573e-01 3.601662831306464141e-01 0.000000000000000000e+00
1.660368442535400391e-01 3.603833241462713888e-01 0.000000000000000000e+00
1.670366525650024414e-01 3.605959706306464119e-01 0.000000000000000000e+00
1.680424660444259644e-01 3.608042225837713723e-01 0.000000000000000000e+00
1.690543293952941895e-01 3.610080800056463812e-01 0.000000000000000000e+00
1.700723022222518921e-01 3.612085194587713599e-01 0.000000000000000000e+00
1.710963994264602661e-01 3.614045643806463315e-01 0.000000000000000000e+00
1.721266508102416992e-01 3.615967030525212844e-01 0.000000000000000000e+00
1.731631159782409668e-01 3.617854237556463182e-01 0.000000000000000000e+00
1.742058247327804565e-01 3.619707264900213217e-01 0.000000000000000000e+00
1.752548068761825562e-01 3.621521229743963621e-01 0.000000000000000000e+00
1.763101220130920410e-01 3.623301014900213168e-01 0.000000000000000000e+00
1.773717701435089111e-01 3.625046620368962969e-01 0.000000000000000000e+00
1.784398257732391357e-01 3.626762928962712906e-01 0.000000000000000000e+00
1.795143038034439087e-01 3.628445057868962542e-01 0.000000000000000000e+00
1.805952489376068115e-01 3.630097889900212871e-01 0.000000000000000000e+00
1.816827058792114258e-01 3.631721425056462782e-01 0.000000000000000000e+00
1.827767193317413330e-01 3.633310780525213501e-01 0.000000000000000000e+00
1.838773190975189209e-01 3.634875721931463688e-01 0.000000000000000000e+00
1.849845349788665771e-01 3.636411366462713457e-01 0.000000000000000000e+00
1.860984265804290771e-01 3.637922596931463803e-01 0.000000000000000000e+00
1.872190237045288086e-01 3.639404530525213732e-01 0.000000000000000000e+00
1.883463710546493530e-01 3.640862050056463128e-01 0.000000000000000000e+00
1.894804984331130981e-01 3.642290272712713217e-01 0.000000000000000000e+00
1.906214654445648193e-01 3.643698964118963213e-01 0.000000000000000000e+00
1.917693018913269043e-01 3.645083241462713231e-01 0.000000000000000000e+00
1.929240375757217407e-01 3.646443104743963270e-01 0.000000000000000000e+00
1.940857321023941040e-01 3.647778553962713333e-01 0.000000000000000000e+00
1.952544301748275757e-01 3.649089589118963417e-01 0.000000000000000000e+00
1.964301615953445435e-01 3.650385975837712738e-01 0.000000000000000000e+00
1.976129710674285889e-01 3.651653065681462751e-01 0.000000000000000000e+00
1.988029032945632935e-01 3.652905507087712556e-01 0.000000000000000000e+00
2.000000029802322388e-01 3.654133534431462382e-01 0.000000000000000000e+00
9.999999776482582092e-03 2.479176161384582522e-01 1.000000000000000000e+00
1.006021536886692047e-02 2.483162977790832615e-01 1.000000000000000000e+00
1.012079324573278427e-02 2.487213270759582318e-01 1.000000000000000000e+00
1.018173620104789734e-02 2.491317274665832415e-01 1.000000000000000000e+00
1.024304516613483429e-02 2.495484755134582122e-01 1.000000000000000000e+00
1.030472386628389359e-02 2.499705946540832224e-01 1.000000000000000000e+00
1.036677416414022446e-02 2.503990614509581936e-01 1.000000000000000000e+00
1.042919792234897614e-02 2.508338759040831811e-01 1.000000000000000000e+00
1.049199793487787247e-02 2.512740614509582637e-01 1.000000000000000000e+00
1.055517606437206268e-02 2.517205946540833073e-01 1.000000000000000000e+00
1.061873417347669601e-02 2.521734755134583117e-01 1.000000000000000000e+00
1.068267505615949631e-02 2.526327040290833326e-01 1.000000000000000000e+00
1.074700150638818741e-02 2.530973036384583374e-01 1.000000000000000000e+00
1.081171445548534393e-02 2.535687391853333472e-01 1.000000000000000000e+00
1.087681762874126434e-02 2.540460341072083295e-01 1.000000000000000000e+00
1.094231288880109787e-02 2.545296766853333836e-01 1.000000000000000000e+00
1.100820209830999374e-02 2.550191786384584103e-01 1.000000000000000000e+00
1.107448805123567581e-02 2.555150282478333978e-01 1.000000000000000000e+00
1.114117354154586792e-02 2.560167372322084134e-01 1.000000000000000000e+00
1.120826043188571930e-02 2.565243055915834014e-01 1.000000000000000000e+00
1.127575151622295380e-02 2.570377333259583619e-01 1.000000000000000000e+00
1.134364865720272064e-02 2.575575087165833943e-01 1.000000000000000000e+00
1.141195464879274368e-02 2.580826552009584107e-01 1.000000000000000000e+00
1.148067228496074677e-02 2.586136610603333996e-01 1.000000000000000000e+00
1.154980342835187912e-02 2.591500380134583170e-01 1.000000000000000000e+00
1.161935087293386459e-02 2.596917860603333295e-01 1.000000000000000000e+00
1.168931741267442703e-02 2.602384169197083374e-01 1.000000000000000000e+00
1.175970491021871567e-02 2.607904188728333295e-01 1.000000000000000000e+00
1.183051615953445435e-02 2.613468153572083286e-01 1.000000000000000000e+00
1.190175395458936691e-02 2.619080946540833232e-01 1.000000000000000000e+00
1.197342015802860260e-02 2.624732802009583366e-01 1.000000000000000000e+00
1.204551849514245987e-02 2.630423719978333685e-01 1.000000000000000000e+00
1.211805082857608795e-02 2.636148817634583752e-01 1.000000000000000000e+00
1.219102088361978531e-02 2.641903212165833126e-01 1.000000000000000000e+00
1.226442866027355194e-02 2.647686903572082917e-01 1.000000000000000000e+00
1.233827974647283554e-02 2.653495009040833241e-01 1.000000000000000000e+00
1.241257507354021072e-02 2.659312880134582779e-01 1.000000000000000000e+00
1.248731743544340134e-02 2.665145399665831971e-01 1.000000000000000000e+00
1.256251055747270584e-02 2.670982802009581603e-01 1.000000000000000000e+00
1.263815630227327347e-02 2.676815321540831349e-01 1.000000000000000000e+00
1.271425653249025345e-02 2.682638075447080772e-01 1.000000000000000000e+00
1.279081590473651886e-02 2.688436415290830772e-01 1.000000000000000000e+00
1.286783628165721893e-02 2.694210341072080239e-01 1.000000000000000000e+00
1.294532045722007751e-02 2.699945204353330630e-01 1.000000000000000000e+00
1.302327122539281845e-02 2.705626356697080626e-01 1.000000000000000000e+00
1.310169138014316559e-02 2.711248915290830896e-01 1.000000000000000000e+00
1.318058371543884277e-02 2.716798231697080679e-01 1.000000000000000000e+00
1.325995009392499924e-02 2.722254774665830435e-01 1.000000000000000000e+00
1.333979610353708267e-02 2.727613661384579724e-01 1.000000000000000000e+00
1.342012174427509308e-02 2.732845594978329795e-01 1.000000000000000000e+00
1.350093167275190353e-02 2.737950575447079538e-01 1.000000000000000000e+00
1.358222775161266327e-02 2.742899305915829644e-01 1.000000000000000000e+00
1.366401370614767075e-02 2.747682020759579791e-01 1.000000000000000000e+00
1.374629139900207520e-02 2.752284071540829768e-01 1.000000000000000000e+00
1.382906548678874969e-02 2.756681044197080155e-01 1.000000000000000000e+00
1.391233690083026886e-02 2.760872938728329840e-01 1.000000000000000000e+00
1.399611122906208038e-02 2.764840223884579840e-01 1.000000000000000000e+00
1.408038847148418427e-02 2.768578016853329715e-01 1.000000000000000000e+00
1.416517421603202820e-02 2.772076552009579697e-01 1.000000000000000000e+00
1.425047032535076141e-02 2.775335829353329786e-01 1.000000000000000000e+00
1.433627959340810776e-02 2.778350966072080097e-01 1.000000000000000000e+00
1.442260667681694031e-02 2.781136610603330284e-01 1.000000000000000000e+00
1.450945250689983368e-02 2.783692762947080346e-01 1.000000000000000000e+00
1.459682174026966095e-02 2.786029188728330053e-01 1.000000000000000000e+00
1.468471623957157135e-02 2.788160536384580168e-01 1.000000000000000000e+00
1.477314066141843796e-02 2.790091688728330022e-01 1.000000000000000000e+00
1.486209779977798462e-02 2.791842177009579706e-01 1.000000000000000000e+00
1.495159044861793518e-02 2.793426649665829986e-01 1.000000000000000000e+00
1.504162233322858810e-02 2.794854872322080075e-01 1.000000000000000000e+00
1.513219531625509262e-02 2.796141493415829626e-01 1.000000000000000000e+00
1.522331405431032181e-02 2.797301161384579404e-01 1.000000000000000000e+00
1.531498227268457413e-02 2.798338759040829293e-01 1.000000000000000000e+00
1.540720183402299881e-02 2.799273817634579387e-01 1.000000000000000000e+00
1.549997646361589432e-02 2.800111219978329569e-01 1.000000000000000000e+00
1.559330988675355911e-02 2.800865614509579493e-01 1.000000000000000000e+00
1.568720489740371704e-02 2.801537001228329715e-01 1.000000000000000000e+00
1.578166708350181580e-02 2.802140028572079888e-01 1.000000000000000000e+00
1.587669551372528076e-02 2.802679579353329342e-01 1.000000000000000000e+00
1.597229763865470886e-02 2.803160536384579626e-01 1.000000000000000000e+00
1.606847532093524933e-02 2.803587782478330070e-01 1.000000000000000000e+00
1.616523228585720062e-02 2.803975966072080328e-01 1.000000000000000000e+00
1.626257225871086121e-02 2.804320204353330515e-01 1.000000000000000000e+00
1.636049710214138031e-02 2.804625380134580515e-01 1.000000000000000000e+00
1.645901240408420563e-02 2.804896376228330213e-01 1.000000000000000000e+00
1.655812188982963562e-02 2.805138075447080603e-01 1.000000000000000000e+00
1.665782742202281952e-02 2.805355360603330461e-01 1.000000000000000000e+00
1.675813272595405579e-02 2.805548231697080896e-01 1.000000000000000000e+00
1.685904152691364288e-02 2.805726454353331123e-01 1.000000000000000000e+00
1.696055941283702850e-02 2.805880262947080817e-01 1.000000000000000000e+00
1.706268824636936188e-02 2.806024305915831296e-01 1.000000000000000000e+00
1.716543175280094147e-02 2.806153700447081012e-01 1.000000000000000000e+00
1.726879365742206573e-02 2.806273329353330959e-01 1.000000000000000000e+00
1.737277768552303314e-02 2.806383192634581136e-01 1.000000000000000000e+00
1.747738756239414215e-02 2.806488173103331429e-01 1.000000000000000000e+00
1.758262887597084045e-02 2.806588270759581283e-01 1.000000000000000000e+00
1.768850348889827728e-02 2.806688368415831136e-01 1.000000000000000000e+00
1.779501512646675110e-02 2.806788466072080990e-01 1.000000000000000000e+00
1.790216751396656036e-02 2.806888563728330843e-01 1.000000000000000000e+00
1.800996623933315277e-02 2.806993544197081136e-01 1.000000000000000000e+00
1.811841316521167755e-02 2.807103407478331314e-01 1.000000000000000000e+00
1.822751387953758240e-02 2.807223036384581261e-01 1.000000000000000000e+00
1.833727210760116577e-02 2.807347548103331092e-01 1.000000000000000000e+00
1.844768971204757690e-02 2.807486708259581132e-01 1.000000000000000000e+00
1.855877414345741272e-02 2.807640516853330825e-01 1.000000000000000000e+00
1.867052540183067322e-02 2.807808973884580728e-01 1.000000000000000000e+00
1.878295093774795532e-02 2.807996962165831278e-01 1.000000000000000000e+00
1.889605261385440826e-02 2.808204481697081367e-01 1.000000000000000000e+00
1.900983601808547974e-02 2.808436415290831434e-01 1.000000000000000000e+00
1.912430487573146820e-02 2.808687880134581594e-01 1.000000000000000000e+00
1.923946291208267212e-02 2.808973524665831500e-01 1.000000000000000000e+00
1.935531385242938995e-02 2.809283583259581385e-01 1.000000000000000000e+00
1.947186142206192017e-02 2.809632704353331456e-01 1.000000000000000000e+00
1.958911120891571045e-02 2.810016005134581829e-01 1.000000000000000000e+00
1.970706880092620850e-02 2.810438368415832389e-01 1.000000000000000000e+00
1.982573419809341431e-02 2.810904677009582464e-01 1.000000000000000000e+00
1.994511671364307404e-02 2.811419813728332495e-01 1.000000000000000000e+00
2.006521634757518768e-02 2.811983778572082482e-01 1.000000000000000000e+00
2.018603868782520294e-02 2.812601454353332309e-01 1.000000000000000000e+00
2.030759118497371674e-02 2.813282606697082300e-01 1.000000000000000000e+00
2.042987383902072906e-02 2.814022352790832016e-01 1.000000000000000000e+00
2.055289223790168762e-02 2.814835341072082220e-01 1.000000000000000000e+00
2.067665196955204010e-02 2.815726454353332797e-01 1.000000000000000000e+00
2.080115675926208496e-02 2.816690809822082753e-01 1.000000000000000000e+00
2.092641219496726990e-02 2.817747938728332735e-01 1.000000000000000000e+00
2.105242013931274414e-02 2.818897841072082744e-01 1.000000000000000000e+00
2.117918804287910461e-02 2.820145399665832664e-01 1.000000000000000000e+00
2.130671963095664978e-02 2.821505262947083259e-01 1.000000000000000000e+00
2.143501862883567810e-02 2.822977430915833419e-01 1.000000000000000000e+00
2.156409062445163727e-02 2.824571669197084023e-01 1.000000000000000000e+00
2.169393934309482574e-02 2.826302626228333614e-01 1.000000000000000000e+00
2.182457037270069122e-02 2.828170302009583303e-01 1.000000000000000000e+00
2.195598743855953217e-02 2.830194227790833739e-01 1.000000000000000000e+00
2.208819612860679626e-02 2.832379286384583694e-01 1.000000000000000000e+00
2.222120016813278198e-02 2.834730360603334165e-01 1.000000000000000000e+00
2.235500514507293701e-02 2.837266981697084689e-01 1.000000000000000000e+00
2.248961664736270905e-02 2.839998915290835035e-01 1.000000000000000000e+00
2.262503840029239655e-02 2.842931044197085089e-01 1.000000000000000000e+00
2.276127599179744720e-02 2.846078016853335058e-01 1.000000000000000000e+00
2.289833314716815948e-02 2.849449598884585266e-01 1.000000000000000000e+00
2.303621731698513031e-02 2.853055555915834929e-01 1.000000000000000000e+00
2.317493036389350891e-02 2.856910536384585364e-01 1.000000000000000000e+00
2.331447787582874298e-02 2.861024305915835231e-01 1.000000000000000000e+00
2.345486730337142944e-02 2.865396864509585639e-01 1.000000000000000000e+00
2.359610237181186676e-02 2.870047743415836128e-01 1.000000000000000000e+00
2.373818680644035339e-02 2.874981825447086581e-01 1.000000000000000000e+00
2.388112619519233704e-02 2.880208876228336767e-01 1.000000000000000000e+00
2.402492798864841461e-02 2.885728895759586687e-01 1.000000000000000000e+00
2.416959404945373535e-02 2.891551649665836110e-01 1.000000000000000000e+00
2.431513182818889618e-02 2.897682020759586030e-01 1.000000000000000000e+00
2.446154691278934479e-02 2.904124891853336332e-01 1.000000000000000000e+00
2.460884302854537964e-02 2.910875380134586021e-01 1.000000000000000000e+00
2.475702576339244843e-02 2.917948134040835861e-01 1.000000000000000000e+00
2.490610070526599884e-02 2.925333387947086083e-01 1.000000000000000000e+00
2.505607344210147858e-02 2.933036024665835462e-01 1.000000000000000000e+00
2.520694956183433533e-02 2.941056044197085106e-01 1.000000000000000000e+00
2.535873278975486755e-02 2.949393446540835018e-01 1.000000000000000000e+00
2.551143057644367218e-02 2.958038466072084316e-01 1.000000000000000000e+00
2.566504850983619690e-02 2.967000868415834436e-01 1.000000000000000000e+00
2.581959217786788940e-02 2.976266005134584058e-01 1.000000000000000000e+00
2.597506530582904816e-02 2.985833876228333739e-01 1.000000000000000000e+00
2.613147534430027008e-02 2.995709364509583916e-01 1.000000000000000000e+00
2.628882601857185364e-02 3.005872938728333943e-01 1.000000000000000000e+00
2.644712477922439575e-02 3.016329481697083703e-01 1.000000000000000000e+00
2.660637721419334412e-02 3.027074110603333312e-01 1.000000000000000000e+00
2.676658891141414642e-02 3.038101942634582886e-01 1.000000000000000000e+00
2.692776359617710114e-02 3.049398329353332771e-01 1.000000000000000000e+00
2.708991058170795441e-02 3.060963270759582966e-01 1.000000000000000000e+00
2.725303359329700470e-02 3.072787001228333703e-01 1.000000000000000000e+00
2.741713821887969971e-02 3.084859755134584103e-01 1.000000000000000000e+00
2.758223190903663635e-02 3.097176649665834280e-01 1.000000000000000000e+00
2.774831838905811310e-02 3.109723036384584582e-01 1.000000000000000000e+00
2.791540510952472687e-02 3.122494032478335124e-01 1.000000000000000000e+00
2.808349952101707458e-02 3.135470106697085257e-01 1.000000000000000000e+00
2.825260534882545471e-02 3.148646376228335098e-01 1.000000000000000000e+00
2.842272818088531494e-02 3.161998427009585222e-01 1.000000000000000000e+00
2.859387733042240143e-02 3.175521376228335746e-01 1.000000000000000000e+00
2.876605652272701263e-02 3.189185927009586252e-01 1.000000000000000000e+00
2.893927134573459625e-02 3.202982313728335861e-01 1.000000000000000000e+00
2.911352925002574921e-02 3.216891005134586146e-01 1.000000000000000000e+00
2.928883768618106842e-02 3.230882704353336687e-01 1.000000000000000000e+00
2.946520224213600159e-02 3.244932997322086954e-01 1.000000000000000000e+00
2.964262664318084717e-02 3.259027235603337291e-01 1.000000000000000000e+00
2.982112020254135132e-02 3.273131239509587398e-01 1.000000000000000000e+00
3.000069037079811096e-02 3.287215712165837411e-01 1.000000000000000000e+00
3.018133901059627533e-02 3.301251356697087469e-01 1.000000000000000000e+00
3.036307729780673981e-02 3.315208876228337709e-01 1.000000000000000000e+00
3.054590895771980286e-02 3.329063856697088153e-01 1.000000000000000000e+00
3.072984330356121063e-02 3.342772352790838730e-01 1.000000000000000000e+00
3.091488406062126160e-02 3.356309950447088908e-01 1.000000000000000000e+00
3.110103867948055267e-02 3.369652235603338708e-01 1.000000000000000000e+00
3.128831461071968079e-02 3.382755262947088615e-01 1.000000000000000000e+00
3.147671744227409363e-02 3.395604384040838419e-01 1.000000000000000000e+00
3.166625648736953735e-02 3.408160536384588490e-01 1.000000000000000000e+00
3.185693547129631042e-02 3.420413954353339059e-01 1.000000000000000000e+00
3.204876184463500977e-02 3.432335341072088597e-01 1.000000000000000000e+00
3.224174305796623230e-02 3.443910048103338561e-01 1.000000000000000000e+00
3.243589028716087341e-02 3.455128309822088073e-01 1.000000000000000000e+00
3.263120353221893311e-02 3.465970594978338148e-01 1.000000000000000000e+00
3.282769396901130676e-02 3.476432020759588348e-01 1.000000000000000000e+00
3.302536532282829285e-02 3.486517469978338002e-01 1.000000000000000000e+00
3.322422876954078674e-02 3.496217177009587895e-01 1.000000000000000000e+00
3.342428803443908691e-02 3.505536024665837913e-01 1.000000000000000000e+00
3.362555429339408875e-02 3.514483778572087824e-01 1.000000000000000000e+00
3.382803127169609070e-02 3.523065321540837513e-01 1.000000000000000000e+00
3.403173014521598816e-02 3.531290419197087305e-01 1.000000000000000000e+00
3.423665091395378113e-02 3.539168837165837522e-01 1.000000000000000000e+00
3.444280847907066345e-02 3.546710341072087380e-01 1.000000000000000000e+00
3.465020656585693359e-02 3.553939344978336856e-01 1.000000000000000000e+00
3.485885262489318848e-02 3.560855848884587060e-01 1.000000000000000000e+00
3.506875783205032349e-02 3.567484266853337416e-01 1.000000000000000000e+00
3.527992591261863708e-02 3.573834364509587136e-01 1.000000000000000000e+00
3.549236431717872620e-02 3.579920790290837540e-01 1.000000000000000000e+00
3.570608422160148621e-02 3.585758192634587171e-01 1.000000000000000000e+00
3.592108935117721558e-02 3.591361219978337349e-01 1.000000000000000000e+00
3.613738715648651123e-02 3.596739637947087842e-01 1.000000000000000000e+00
3.635498881340026855e-02 3.601912977790837633e-01 1.000000000000000000e+00
3.657390177249908447e-02 3.606886122322087718e-01 1.000000000000000000e+00
3.679413348436355591e-02 3.611673719978337749e-01 1.000000000000000000e+00
3.701569139957427979e-02 3.616290419197087380e-01 1.000000000000000000e+00
3.723857924342155457e-02 3.620741102790837607e-01 1.000000000000000000e+00
3.746281564235687256e-02 3.625035536384587642e-01 1.000000000000000000e+00
3.768839687108993530e-02 3.629188368415837140e-01 1.000000000000000000e+00
3.791533783078193665e-02 3.633204481697087096e-01 1.000000000000000000e+00
3.814364597201347351e-02 3.637093641853337278e-01 1.000000000000000000e+00
3.837333247065544128e-02 3.640865614509587456e-01 1.000000000000000000e+00
3.860439732670783997e-02 3.644520399665837074e-01 1.000000000000000000e+00
3.883685544133186340e-02 3.648072645759587451e-01 1.000000000000000000e+00
3.907071053981781006e-02 3.651522352790837478e-01 1.000000000000000000e+00
3.930597752332687378e-02 3.654884169197087362e-01 1.000000000000000000e+00
3.954266011714935303e-02 3.658153212165837220e-01 1.000000000000000000e+00
3.978076577186584473e-02 3.661344130134587815e-01 1.000000000000000000e+00
4.002030566334724426e-02 3.664452040290837598e-01 1.000000000000000000e+00
4.026129096746444702e-02 3.667491591072087886e-01 1.000000000000000000e+00
4.050372540950775146e-02 3.670457899665838242e-01 1.000000000000000000e+00
4.074762016534805298e-02 3.673365614509588317e-01 1.000000000000000000e+00
4.099298268556594849e-02 3.676204969978338899e-01 1.000000000000000000e+00
4.123982414603233337e-02 3.678990614509589085e-01 1.000000000000000000e+00
4.148814827203750610e-02 3.681722548103339432e-01 1.000000000000000000e+00
4.173796996474266052e-02 3.684405653572089823e-01 1.000000000000000000e+00
4.198929667472839355e-02 3.687039930915839703e-01 1.000000000000000000e+00
4.224213957786560059e-02 3.689625380134589627e-01 1.000000000000000000e+00
4.249649867415428162e-02 3.692171766853339920e-01 1.000000000000000000e+00
4.275239259004592896e-02 3.694679091072090027e-01 1.000000000000000000e+00
4.300982877612113953e-02 3.697142469978340062e-01 1.000000000000000000e+00
4.326881468296051025e-02 3.699576552009589681e-01 1.000000000000000000e+00
4.352935776114463806e-02 3.701976454353339552e-01 1.000000000000000000e+00
4.379147291183471680e-02 3.704342177009589676e-01 1.000000000000000000e+00
4.405516386032104492e-02 3.706678602790839938e-01 1.000000000000000000e+00
4.432044178247451782e-02 3.708985731697090338e-01 1.000000000000000000e+00
4.458731785416603088e-02 3.711268446540840760e-01 1.000000000000000000e+00
4.485580325126647949e-02 3.713526747322090649e-01 1.000000000000000000e+00
4.512590169906616211e-02 3.715765516853340444e-01 1.000000000000000000e+00
4.539763182401657104e-02 3.717974989509590378e-01 1.000000000000000000e+00
4.567099362611770630e-02 3.720169813728340658e-01 1.000000000000000000e+00
4.594600200653076172e-02 3.722345106697090844e-01 1.000000000000000000e+00
4.622266814112663269e-02 3.724500868415840382e-01 1.000000000000000000e+00
4.650099948048591614e-02 3.726641981697090267e-01 1.000000000000000000e+00
4.678100720047950745e-02 3.728763563728340613e-01 1.000000000000000000e+00
4.706269875168800354e-02 3.730875380134590635e-01 1.000000000000000000e+00
4.734608903527259827e-02 3.732972548103341004e-01 1.000000000000000000e+00
4.763118550181388855e-02 3.735055067634591164e-01 1.000000000000000000e+00
4.791799560189247131e-02 3.737127821540841555e-01 1.000000000000000000e+00
4.820653796195983887e-02 3.739190809822092176e-01 1.000000000000000000e+00
4.849681258201599121e-02 3.741244032478342474e-01 1.000000000000000000e+00
4.878883808851242065e-02 3.743287489509591892e-01 1.000000000000000000e+00
4.908262193202972412e-02 3.745326063728341981e-01 1.000000000000000000e+00
4.937817528843879700e-02 3.747354872322092301e-01 1.000000000000000000e+00
4.967550560832023621e-02 3.749378798103342736e-01 1.000000000000000000e+00
4.997462779283523560e-02 3.751397841072093287e-01 1.000000000000000000e+00
5.027555301785469055e-02 3.753407118415843513e-01 1.000000000000000000e+00
5.057828873395919800e-02 3.755416395759593184e-01 1.000000000000000000e+00
5.088284611701965332e-02 3.757425673103342856e-01 1.000000000000000000e+00
5.118924006819725037e-02 3.759425184822092203e-01 1.000000000000000000e+00
5.149747803807258606e-02 3.761429579353341990e-01 1.000000000000000000e+00
5.180757120251655579e-02 3.763429091072091892e-01 1.000000000000000000e+00
5.211953073740005493e-02 3.765428602790841794e-01 1.000000000000000000e+00
5.243337154388427734e-02 3.767428114509591697e-01 1.000000000000000000e+00
5.274910107254981995e-02 3.769427626228341599e-01 1.000000000000000000e+00
5.306673049926757812e-02 3.771427137947091501e-01 1.000000000000000000e+00
5.338627099990844727e-02 3.773431532478341288e-01 1.000000000000000000e+00
5.370773747563362122e-02 3.775435927009591075e-01 1.000000000000000000e+00
5.403114110231399536e-02 3.777440321540840862e-01 1.000000000000000000e+00
5.435649305582046509e-02 3.779454481697090973e-01 1.000000000000000000e+00
5.468380078673362732e-02 3.781468641853340529e-01 1.000000000000000000e+00
5.501308292150497437e-02 3.783487684822090524e-01 1.000000000000000000e+00
5.534434318542480469e-02 3.785511610603340960e-01 1.000000000000000000e+00
5.567760020494461060e-02 3.787540419197091279e-01 1.000000000000000000e+00
5.601286515593528748e-02 3.789578993415841368e-01 1.000000000000000000e+00
5.635014921426773071e-02 3.791617567634591457e-01 1.000000000000000000e+00
5.668946355581283569e-02 3.793670790290841754e-01 1.000000000000000000e+00
5.703081935644149780e-02 3.795728895759591937e-01 1.000000000000000000e+00
5.737423151731491089e-02 3.797791884040842558e-01 1.000000000000000000e+00
5.771971493959426880e-02 3.799869520759592834e-01 1.000000000000000000e+00
5.806727334856987000e-02 3.801952040290842993e-01 1.000000000000000000e+00
5.841692909598350525e-02 3.804049208259592807e-01 1.000000000000000000e+00
5.876868590712547302e-02 3.806151259040842505e-01 1.000000000000000000e+00
5.912256613373756409e-02 3.808267958259592967e-01 1.000000000000000000e+00
5.947857350111007690e-02 3.810394423103343198e-01 1.000000000000000000e+00
5.983672291040420532e-02 3.812535536384593082e-01 1.000000000000000000e+00
6.019703298807144165e-02 3.814686415290842736e-01 1.000000000000000000e+00
6.055951118469238281e-02 3.816851942634592598e-01 1.000000000000000000e+00
6.092417240142822266e-02 3.819027235603342230e-01 1.000000000000000000e+00
6.129102781414985657e-02 3.821222059822091954e-01 1.000000000000000000e+00
6.166009604930877686e-02 3.823426649665842003e-01 1.000000000000000000e+00
6.203138083219528198e-02 3.825650770759591590e-01 1.000000000000000000e+00
6.240490451455116272e-02 3.827889540290841386e-01 1.000000000000000000e+00
6.278067827224731445e-02 3.830142958259591945e-01 1.000000000000000000e+00
6.315871328115463257e-02 3.832415907478342043e-01 1.000000000000000000e+00
6.353902816772460938e-02 3.834703505134592350e-01 1.000000000000000000e+00
6.392163038253784180e-02 3.837010634040842194e-01 1.000000000000000000e+00
6.430653482675552368e-02 3.839337294197092132e-01 1.000000000000000000e+00
6.469375640153884888e-02 3.841683485603342163e-01 1.000000000000000000e+00
6.508331000804901123e-02 3.844049208259592287e-01 1.000000000000000000e+00
6.547521799802780151e-02 3.846434462165842505e-01 1.000000000000000000e+00
6.586947292089462280e-02 3.848844130134592700e-01 1.000000000000000000e+00
6.626611202955245972e-02 3.851268446540842549e-01 1.000000000000000000e+00
6.666513532400131226e-02 3.853722059822092816e-01 1.000000000000000000e+00
6.706655770540237427e-02 3.856195204353342620e-01 1.000000000000000000e+00
6.747040152549743652e-02 3.858692762947092958e-01 1.000000000000000000e+00
6.787667423486709595e-02 3.861209852790843389e-01 1.000000000000000000e+00
6.828539818525314331e-02 3.863756239509593127e-01 1.000000000000000000e+00
6.869658082723617554e-02 3.866327040290842842e-01 1.000000000000000000e+00
6.911023706197738647e-02 3.868922255134593091e-01 1.000000000000000000e+00
6.952638924121856689e-02 3.871541884040842763e-01 1.000000000000000000e+00
6.994504481554031372e-02 3.874190809822092851e-01 1.000000000000000000e+00
7.036621868610382080e-02 3.876864149665842918e-01 1.000000000000000000e+00
7.078993320465087891e-02 3.879566786384592292e-01 1.000000000000000000e+00
7.121619582176208496e-02 3.882298719978342638e-01 1.000000000000000000e+00
7.164502888917922974e-02 3.885059950447093402e-01 1.000000000000000000e+00
7.207643985748291016e-02 3.887845594978343589e-01 1.000000000000000000e+00
7.251045107841491699e-02 3.890660536384593637e-01 1.000000000000000000e+00
7.294707000255584717e-02 3.893509657478343988e-01 1.000000000000000000e+00
7.338632643222808838e-02 3.896383192634593762e-01 1.000000000000000000e+00
7.382822781801223755e-02 3.899290907478343837e-01 1.000000000000000000e+00
7.427278161048889160e-02 3.902223036384593891e-01 1.000000000000000000e+00
7.472001761198043823e-02 3.905189344978344246e-01 1.000000000000000000e+00
7.516995072364807129e-02 3.908184950447095019e-01 1.000000000000000000e+00
7.562258839607238770e-02 3.911204969978345214e-01 1.000000000000000000e+00
7.607794553041458130e-02 3.914259169197095711e-01 1.000000000000000000e+00
7.653605192899703979e-02 3.917342665290845516e-01 1.000000000000000000e+00
7.699691504240036011e-02 3.920450575447095298e-01 1.000000000000000000e+00
7.746055722236633301e-02 3.923582899665845614e-01 1.000000000000000000e+00
7.792698591947555542e-02 3.926744520759595791e-01 1.000000000000000000e+00
7.839623093605041504e-02 3.929930555915845947e-01 1.000000000000000000e+00
7.886829227209091187e-02 3.933136122322095640e-01 1.000000000000000000e+00
7.934319972991943359e-02 3.936366102790846422e-01 1.000000000000000000e+00
7.982096821069717407e-02 3.939610731697096857e-01 1.000000000000000000e+00
8.030161261558532715e-02 3.942874891853346830e-01 1.000000000000000000e+00
8.078514784574508667e-02 3.946148817634596573e-01 1.000000000000000000e+00
8.127160370349884033e-02 3.949427626228346755e-01 1.000000000000000000e+00
8.176098018884658813e-02 3.952711317634596822e-01 1.000000000000000000e+00
8.225330710411071777e-02 3.955995009040846888e-01 1.000000000000000000e+00
8.274859935045242310e-02 3.959273817634597070e-01 1.000000000000000000e+00
8.324687182903289795e-02 3.962533094978347159e-01 1.000000000000000000e+00
8.374814689159393311e-02 3.965772841072097710e-01 1.000000000000000000e+00
8.425243198871612549e-02 3.968978407478347958e-01 1.000000000000000000e+00
8.475976437330245972e-02 3.972140028572098136e-01 1.000000000000000000e+00
8.527014404535293579e-02 3.975252821540848358e-01 1.000000000000000000e+00
8.578360080718994141e-02 3.978292372322098092e-01 1.000000000000000000e+00
8.630014955997467041e-02 3.981248915290848678e-01 1.000000000000000000e+00
8.681981265544891357e-02 3.984102919197098358e-01 1.000000000000000000e+00
8.734259754419326782e-02 3.986825087165848935e-01 1.000000000000000000e+00
8.786853402853012085e-02 3.989400770759599091e-01 1.000000000000000000e+00
8.839763700962066650e-02 3.991800673103348962e-01 1.000000000000000000e+00
8.892992883920669556e-02 3.993980848884599033e-01 1.000000000000000000e+00
9.999999776482582092e-03 2.833946571540832959e-01 2.000000000000000000e+00
1.006021536886692047e-02 2.836536903572082768e-01 2.000000000000000000e+00
1.012079324573278427e-02 2.838702430915832631e-01 2.000000000000000000e+00
1.018173620104789734e-02 2.840496864509582386e-01 2.000000000000000000e+00
1.024304516613483429e-02 2.841973915290832431e-01 2.000000000000000000e+00
1.030472386628389359e-02 2.843182411384582164e-01 2.000000000000000000e+00
1.036677416414022446e-02 2.844180946540831867e-01 2.000000000000000000e+00
1.042919792234897614e-02 2.845013466072081054e-01 2.000000000000000000e+00
1.049199793487787247e-02 2.845704384040830814e-01 2.000000000000000000e+00
1.055517606437206268e-02 2.846287880134580894e-01 2.000000000000000000e+00
1.061873417347669601e-02 2.846783485603330832e-01 2.000000000000000000e+00
1.068267505615949631e-02 2.847210731697081276e-01 2.000000000000000000e+00
1.074700150638818741e-02 2.847584266853331325e-01 2.000000000000000000e+00
1.081171445548534393e-02 2.847908973884581418e-01 2.000000000000000000e+00
1.087681762874126434e-02 2.848199501228331210e-01 2.000000000000000000e+00
1.094231288880109787e-02 2.848460731697081694e-01 2.000000000000000000e+00
1.100820209830999374e-02 2.848702430915832085e-01 2.000000000000000000e+00
1.107448805123567581e-02 2.848919716072081942e-01 2.000000000000000000e+00
1.114117354154586792e-02 2.849127235603332031e-01 2.000000000000000000e+00
1.120826043188571930e-02 2.849320106697082466e-01 2.000000000000000000e+00
1.127575151622295380e-02 2.849512977790832902e-01 2.000000000000000000e+00
1.134364865720272064e-02 2.849696083259583568e-01 2.000000000000000000e+00
1.141195464879274368e-02 2.849879188728334234e-01 2.000000000000000000e+00
1.148067228496074677e-02 2.850062294197084900e-01 2.000000000000000000e+00
1.154980342835187912e-02 2.850250282478335451e-01 2.000000000000000000e+00
1.161935087293386459e-02 2.850443153572085886e-01 2.000000000000000000e+00
1.168931741267442703e-02 2.850645790290836090e-01 2.000000000000000000e+00
1.175970491021871567e-02 2.850858192634586064e-01 2.000000000000000000e+00
1.183051615953445435e-02 2.851080360603335806e-01 2.000000000000000000e+00
1.190175395458936691e-02 2.851322059822086197e-01 2.000000000000000000e+00
1.197342015802860260e-02 2.851578407478336241e-01 2.000000000000000000e+00
1.204551849514245987e-02 2.851854286384585824e-01 2.000000000000000000e+00
1.211805082857608795e-02 2.852154579353335939e-01 2.000000000000000000e+00
1.219102088361978531e-02 2.852479286384585477e-01 2.000000000000000000e+00
1.226442866027355194e-02 2.852838173103335317e-01 2.000000000000000000e+00
1.233827974647283554e-02 2.853226356697085575e-01 2.000000000000000000e+00
1.241257507354021072e-02 2.853653602790836019e-01 2.000000000000000000e+00
1.248731743544340134e-02 2.854119911384586095e-01 2.000000000000000000e+00
1.256251055747270584e-02 2.854635048103336126e-01 2.000000000000000000e+00
1.263815630227327347e-02 2.855199012947086112e-01 2.000000000000000000e+00
1.271425653249025345e-02 2.855826454353335708e-01 2.000000000000000000e+00
1.279081590473651886e-02 2.856512489509585584e-01 2.000000000000000000e+00
1.286783628165721893e-02 2.857271766853335393e-01 2.000000000000000000e+00
1.294532045722007751e-02 2.858109169197085020e-01 2.000000000000000000e+00
1.302327122539281845e-02 2.859039344978335229e-01 2.000000000000000000e+00
1.310169138014316559e-02 2.860062294197084909e-01 2.000000000000000000e+00
1.318058371543884277e-02 2.861197548103335264e-01 2.000000000000000000e+00
1.325995009392499924e-02 2.862449989509585069e-01 2.000000000000000000e+00
1.333979610353708267e-02 2.863839149665834971e-01 2.000000000000000000e+00
1.342012174427509308e-02 2.865369911384584856e-01 2.000000000000000000e+00
1.350093167275190353e-02 2.867066688728334700e-01 2.000000000000000000e+00
1.358222775161266327e-02 2.868934364509584944e-01 2.000000000000000000e+00
1.366401370614767075e-02 2.870987587165835242e-01 2.000000000000000000e+00
1.374629139900207520e-02 2.873245887947085131e-01 2.000000000000000000e+00
1.382906548678874969e-02 2.875719032478334936e-01 2.000000000000000000e+00
1.391233690083026886e-02 2.878426552009584749e-01 2.000000000000000000e+00
1.399611122906208038e-02 2.881368446540834571e-01 2.000000000000000000e+00
1.408038847148418427e-02 2.884554481697084727e-01 2.000000000000000000e+00
1.416517421603202820e-02 2.887994423103334429e-01 2.000000000000000000e+00
1.425047032535076141e-02 2.891688270759584789e-01 2.000000000000000000e+00
1.433627959340810776e-02 2.895636024665834696e-01 2.000000000000000000e+00
1.442260667681694031e-02 2.899832802009584820e-01 2.000000000000000000e+00
1.450945250689983368e-02 2.904273719978334722e-01 2.000000000000000000e+00
1.459682174026966095e-02 2.908949012947084634e-01 2.000000000000000000e+00
1.468471623957157135e-02 2.913853798103334669e-01 2.000000000000000000e+00
1.477314066141843796e-02 2.918963661384584296e-01 2.000000000000000000e+00
1.486209779977798462e-02 2.924283485603334509e-01 2.000000000000000000e+00
1.495159044861793518e-02 2.929788856697084776e-01 2.000000000000000000e+00
1.504162233322858810e-02 2.935474891853334656e-01 2.000000000000000000e+00
1.513219531625509262e-02 2.941331825447084936e-01 2.000000000000000000e+00
1.522331405431032181e-02 2.947349891853334736e-01 2.000000000000000000e+00
1.531498227268457413e-02 2.953514442634584403e-01 2.000000000000000000e+00
1.540720183402299881e-02 2.959820594978334052e-01 2.000000000000000000e+00
1.549997646361589432e-02 2.966268348884583683e-01 2.000000000000000000e+00
1.559330988675355911e-02 2.972843055915833088e-01 2.000000000000000000e+00
1.568720489740371704e-02 2.979544716072082822e-01 2.000000000000000000e+00
1.578166708350181580e-02 2.986368446540832999e-01 2.000000000000000000e+00
1.587669551372528076e-02 2.993314247322082511e-01 2.000000000000000000e+00
1.597229763865470886e-02 3.000372352790832697e-01 2.000000000000000000e+00
1.606847532093524933e-02 3.007552528572082218e-01 2.000000000000000000e+00
1.616523228585720062e-02 3.014845009040832413e-01 2.000000000000000000e+00
1.626257225871086121e-02 3.022254677009582058e-01 2.000000000000000000e+00
1.636049710214138031e-02 3.029781532478332262e-01 2.000000000000000000e+00
1.645901240408420563e-02 3.037425575447081916e-01 2.000000000000000000e+00
1.655812188982963562e-02 3.045191688728332013e-01 2.000000000000000000e+00
1.665782742202281952e-02 3.053074989509581560e-01 2.000000000000000000e+00
1.675813272595405579e-02 3.061080360603331552e-01 2.000000000000000000e+00
1.685904152691364288e-02 3.069212684822081871e-01 2.000000000000000000e+00
1.696055941283702850e-02 3.077476844978331849e-01 2.000000000000000000e+00
1.706268824636936188e-02 3.085863075447082271e-01 2.000000000000000000e+00
1.716543175280094147e-02 3.094390907478332120e-01 2.000000000000000000e+00
1.726879365742206573e-02 3.103050575447082182e-01 2.000000000000000000e+00
1.737277768552303314e-02 3.111851844978332227e-01 2.000000000000000000e+00
1.747738756239414215e-02 3.120794716072082253e-01 2.000000000000000000e+00
1.758262887597084045e-02 3.129879188728332262e-01 2.000000000000000000e+00
1.768850348889827728e-02 3.139119911384582462e-01 2.000000000000000000e+00
1.779501512646675110e-02 3.148507118415832529e-01 2.000000000000000000e+00
1.790216751396656036e-02 3.158045692634582902e-01 2.000000000000000000e+00
1.800996623933315277e-02 3.167745399665832795e-01 2.000000000000000000e+00
1.811841316521167755e-02 3.177606239509582764e-01 2.000000000000000000e+00
1.822751387953758240e-02 3.187623329353332924e-01 2.000000000000000000e+00
1.833727210760116577e-02 3.197801552009582604e-01 2.000000000000000000e+00
1.844768971204757690e-02 3.208145790290832244e-01 2.000000000000000000e+00
1.855877414345741272e-02 3.218656044197081845e-01 2.000000000000000000e+00
1.867052540183067322e-02 3.229327430915832076e-01 2.000000000000000000e+00
1.878295093774795532e-02 3.240164833259582267e-01 2.000000000000000000e+00
1.889605261385440826e-02 3.251163368415831978e-01 2.000000000000000000e+00
1.900983601808547974e-02 3.262318153572081880e-01 2.000000000000000000e+00
1.912430487573146820e-02 3.273629188728331973e-01 2.000000000000000000e+00
1.923946291208267212e-02 3.285086708259581934e-01 2.000000000000000000e+00
1.935531385242938995e-02 3.296690712165832315e-01 2.000000000000000000e+00
1.947186142206192017e-02 3.308431434822082240e-01 2.000000000000000000e+00
1.958911120891571045e-02 3.320294227790832609e-01 2.000000000000000000e+00
1.970706880092620850e-02 3.332274208259582982e-01 2.000000000000000000e+00
1.982573419809341431e-02 3.344351844978333266e-01 2.000000000000000000e+00
1.994511671364307404e-02 3.356517372322083137e-01 2.000000000000000000e+00
2.006521634757518768e-02 3.368751259040832502e-01 2.000000000000000000e+00
2.018603868782520294e-02 3.381024208259582609e-01 2.000000000000000000e+00
2.030759118497371674e-02 3.393326454353333133e-01 2.000000000000000000e+00
2.042987383902072906e-02 3.405628700447083657e-01 2.000000000000000000e+00
2.055289223790168762e-02 3.417896766853333879e-01 2.000000000000000000e+00
2.067665196955204010e-02 3.430111122322084261e-01 2.000000000000000000e+00
2.080115675926208496e-02 3.442237587165834500e-01 2.000000000000000000e+00
2.092641219496726990e-02 3.454246864509584736e-01 2.000000000000000000e+00
2.105242013931274414e-02 3.466104774665834665e-01 2.000000000000000000e+00
2.117918804287910461e-02 3.477777137947085095e-01 2.000000000000000000e+00
2.130671963095664978e-02 3.489234657478334500e-01 2.000000000000000000e+00
2.143501862883567810e-02 3.500452919197084012e-01 2.000000000000000000e+00
2.156409062445163727e-02 3.511402626228334323e-01 2.000000000000000000e+00
2.169393934309482574e-02 3.522059364509584900e-01 2.000000000000000000e+00
2.182457037270069122e-02 3.532408485603334980e-01 2.000000000000000000e+00
2.195598743855953217e-02 3.542430458259585024e-01 2.000000000000000000e+00
2.208819612860679626e-02 3.552115516853335264e-01 2.000000000000000000e+00
2.222120016813278198e-02 3.561463661384584589e-01 2.000000000000000000e+00
2.235500514507293701e-02 3.570465126228334896e-01 2.000000000000000000e+00
2.248961664736270905e-02 3.579124794197085513e-01 2.000000000000000000e+00
2.262503840029239655e-02 3.587452430915835655e-01 2.000000000000000000e+00
2.276127599179744720e-02 3.595457802009585646e-01 2.000000000000000000e+00
2.289833314716815948e-02 3.603150673103335255e-01 2.000000000000000000e+00
2.303621731698513031e-02 3.610545692634585246e-01 2.000000000000000000e+00
2.317493036389350891e-02 3.617657509040835273e-01 2.000000000000000000e+00
2.331447787582874298e-02 3.624505653572084873e-01 2.000000000000000000e+00
2.345486730337142944e-02 3.631104774665834811e-01 2.000000000000000000e+00
2.359610237181186676e-02 3.637474403572084625e-01 2.000000000000000000e+00
2.373818680644035339e-02 3.643629188728334523e-01 2.000000000000000000e+00
2.388112619519233704e-02 3.649588661384584598e-01 2.000000000000000000e+00
2.402492798864841461e-02 3.655372352790834389e-01 2.000000000000000000e+00
2.416959404945373535e-02 3.660990028572084776e-01 2.000000000000000000e+00
2.431513182818889618e-02 3.666466102790834625e-01 2.000000000000000000e+00
2.446154691278934479e-02 3.671810341072084261e-01 2.000000000000000000e+00
2.460884302854537964e-02 3.677037391853334447e-01 2.000000000000000000e+00
2.475702576339244843e-02 3.682166786384583612e-01 2.000000000000000000e+00
2.490610070526599884e-02 3.687208290290833745e-01 2.000000000000000000e+00
2.505607344210147858e-02 3.692171669197083506e-01 2.000000000000000000e+00
2.520694956183433533e-02 3.697081337165833426e-01 2.000000000000000000e+00
2.535873278975486755e-02 3.701937294197083506e-01 2.000000000000000000e+00
2.551143057644367218e-02 3.706759071540833839e-01 2.000000000000000000e+00
2.566504850983619690e-02 3.711551552009583754e-01 2.000000000000000000e+00
2.581959217786788940e-02 3.716334266853333901e-01 2.000000000000000000e+00
2.597506530582904816e-02 3.721112098884584163e-01 2.000000000000000000e+00
2.613147534430027008e-02 3.725904579353334634e-01 2.000000000000000000e+00
2.628882601857185364e-02 3.730716591072084642e-01 2.000000000000000000e+00
2.644712477922439575e-02 3.735557899665835069e-01 2.000000000000000000e+00
2.660637721419334412e-02 3.740443153572085566e-01 2.000000000000000000e+00
2.676658891141414642e-02 3.745382118415835904e-01 2.000000000000000000e+00
2.692776359617710114e-02 3.750389442634585735e-01 2.000000000000000000e+00
2.708991058170795441e-02 3.755474891853335939e-01 2.000000000000000000e+00
2.725303359329700470e-02 3.760653114509585615e-01 2.000000000000000000e+00
2.741713821887969971e-02 3.765933876228335087e-01 2.000000000000000000e+00
2.758223190903663635e-02 3.771326942634584678e-01 2.000000000000000000e+00
2.774831838905811310e-02 3.776856727790834367e-01 2.000000000000000000e+00
2.791540510952472687e-02 3.782528114509584038e-01 2.000000000000000000e+00
2.808349952101707458e-02 3.788360634040833230e-01 2.000000000000000000e+00
2.825260534882545471e-02 3.794364052009582822e-01 2.000000000000000000e+00
2.842272818088531494e-02 3.800557899665832906e-01 2.000000000000000000e+00
2.859387733042240143e-02 3.806956825447082582e-01 2.000000000000000000e+00
2.876605652272701263e-02 3.813580360603332498e-01 2.000000000000000000e+00
2.893927134573459625e-02 3.820438270759582422e-01 2.000000000000000000e+00
2.911352925002574921e-02 3.827554969978332333e-01 2.000000000000000000e+00
2.928883768618106842e-02 3.834945106697082440e-01 2.000000000000000000e+00
2.946520224213600159e-02 3.842623329353332395e-01 2.000000000000000000e+00
2.964262664318084717e-02 3.850604286384581854e-01 2.000000000000000000e+00
2.982112020254135132e-02 3.858902626228332133e-01 2.000000000000000000e+00
3.000069037079811096e-02 3.867532997322082333e-01 2.000000000000000000e+00
3.018133901059627533e-02 3.876500282478332338e-01 2.000000000000000000e+00
3.036307729780673981e-02 3.885809364509582031e-01 2.000000000000000000e+00
3.054590895771980286e-02 3.895465126228331854e-01 2.000000000000000000e+00
3.072984330356121063e-02 3.905452919197081596e-01 2.000000000000000000e+00
3.091488406062126160e-02 3.915758094978331605e-01 2.000000000000000000e+00
3.110103867948055267e-02 3.926351356697081463e-01 2.000000000000000000e+00
3.128831461071968079e-02 3.937174110603331445e-01 2.000000000000000000e+00
3.147671744227409363e-02 3.948148231697081179e-01 2.000000000000000000e+00
3.166625648736953735e-02 3.959151649665831330e-01 2.000000000000000000e+00
3.185693547129631042e-02 3.970003700447081729e-01 2.000000000000000000e+00
3.204876184463500977e-02 3.980406532478331649e-01 2.000000000000000000e+00
3.224174305796623230e-02 3.989832802009581347e-01 2.000000000000000000e+00
3.243589028716087341e-02 3.997252235603331316e-01 2.000000000000000000e+00
