2.741796544000541305e-02 2.626441717147827148e-01
2.783383599010011422e-02 2.627357244491577148e-01
2.825601438658896861e-02 2.627857327461242676e-01
2.868459630570133895e-02 2.627981901168823242e-01
2.911967887486567250e-02 2.627778649330139160e-01
2.956136069472097699e-02 2.627287507057189941e-01
3.000974186146225173e-02 2.626537680625915527e-01
3.046492398952475866e-02 2.625567913055419922e-01
3.092701023461246271e-02 2.624393105506896973e-01
3.139610531707567181e-02 2.623047232627868652e-01
3.187231554564326497e-02 2.621545195579528809e-01
3.235574884151497937e-02 2.619911432266235352e-01
3.284651476281901655e-02 2.618154883384704590e-01
3.334472452944072657e-02 2.616291642189025879e-01
3.385049104822774463e-02 2.614340186119079590e-01
3.436392893857762726e-02 2.612305879592895508e-01
3.488515455841335877e-02 2.610204219818115234e-01
3.541428603055307017e-02 2.608042955398559570e-01
3.595144326947962571e-02 2.605832815170288086e-01
3.649674800851621798e-02 2.603579163551330566e-01
3.705032382741426517e-02 2.601295709609985352e-01
3.761229618035959871e-02 2.598987817764282227e-01
3.818279242440356797e-02 2.596656084060668945e-01
3.876194184832542494e-02 2.594320178031921387e-01
3.934987570193226175e-02 2.591978311538696289e-01
3.994672722580366875e-02 2.589641213417053223e-01
4.055263168148725422e-02 2.587309479713439941e-01
4.116772638215242253e-02 2.585001587867736816e-01
4.179215072370889156e-02 2.582708597183227539e-01
4.242604621639740198e-02 2.580450773239135742e-01
4.306955651685947378e-02 2.578226327896118164e-01
4.372282746069350301e-02 2.576049566268920898e-01
4.438600709550490769e-02 2.573917508125305176e-01
4.505924571445732441e-02 2.571845054626464844e-01
4.574269589033293920e-02 2.569835186004638672e-01
4.643651251010921105e-02 2.567898631095886230e-01
4.714085281006018258e-02 2.566040158271789551e-01
4.785587641139014276e-02 2.564265131950378418e-01
4.858174535640782943e-02 2.562586665153503418e-01
4.931862414524933180e-02 2.561006546020507812e-01
5.006667977315790163e-02 2.559543848037719727e-01
5.082608176832922181e-02 2.558193206787109375e-01
5.159700223033084066e-02 2.556974291801452637e-01
5.237961586910419576e-02 2.555897235870361328e-01
5.317410004455833117e-02 2.554962038993835449e-01
5.398063480676412035e-02 2.554188966751098633e-01
5.479940293675800156e-02 2.553585767745971680e-01
5.563058998796490545e-02 2.553158402442932129e-01
5.647438432824920113e-02 2.552930712699890137e-01
5.733097718260372205e-02 2.552902698516845703e-01
5.820056267648607284e-02 2.553095221519470215e-01
5.908333787981226437e-02 2.553517222404479980e-01
5.997950285161784273e-02 2.554188370704650879e-01
6.088926068539617098e-02 2.555118203163146973e-01
6.181281755512463283e-02 2.556327581405639648e-01
6.275038276198879883e-02 2.557833790779113770e-01
6.370216878181522713e-02 2.559647560119628906e-01
6.466839131322395240e-02 2.561794519424438477e-01
6.564926932651111990e-02 2.564296722412109375e-01
6.664502511327331791e-02 2.567164897918701172e-01
6.765588433678418334e-02 2.570428848266601562e-01
6.868207608313560419e-02 2.574111819267272949e-01
6.972383291315420450e-02 2.578234672546386719e-01
7.078139091510557424e-02 2.582826614379882812e-01
7.185498975819781808e-02 2.587911486625671387e-01
7.294487274689648304e-02 2.593519091606140137e-01
7.405128687606368776e-02 2.599678039550781250e-01
7.517448288693308334e-02 2.606418132781982422e-01
7.631471532393430124e-02 2.613773941993713379e-01
7.747224259237917021e-02 2.621779441833496094e-01
7.864732701702258078e-02 2.630468010902404785e-01
7.984023490151223590e-02 2.639869451522827148e-01
8.105123658873937542e-02 2.650027871131896973e-01
8.228060652210548997e-02 2.660966515541076660e-01
8.352862330771812505e-02 2.672731280326843262e-01
8.479556977752980562e-02 2.685345411300659180e-01
8.608173305343504167e-02 2.698848247528076172e-01
8.738740461233938939e-02 2.713259458541870117e-01
8.871288035221522317e-02 2.728607654571533203e-01
9.005846065915990017e-02 2.744903564453125000e-01
9.142445047547062553e-02 2.762166261672973633e-01
9.281115936875206085e-02 2.780386209487915039e-01
9.421890160207228859e-02 2.799558043479919434e-01
9.564799620518239787e-02 2.819653153419494629e-01
9.709876704681699722e-02 2.840636372566223145e-01
9.857154290809071184e-02 2.862449884414672852e-01
1.000666575570083594e-01 2.885015010833740234e-01
1.015844498241053051e-01 2.908254265785217285e-01
1.031252636792346078e-01 2.932054996490478516e-01
1.046894483095197198e-01 2.956290245056152344e-01
1.062773581984885612e-01 2.980838418006896973e-01
1.078893532064087030e-01 3.005547523498535156e-01
1.095257986518407695e-01 3.030281066894531250e-01
1.111870653944285747e-01 3.054892420768737793e-01
1.128735299189453090e-01 3.079240322113037109e-01
1.145855744206147053e-01 3.103201985359191895e-01
1.163235868917255889e-01 3.126656413078308105e-01
1.180879612095612347e-01 3.149514794349670410e-01
1.198790972256613685e-01 3.171684741973876953e-01
1.216974008564387366e-01 3.193107843399047852e-01
1.235432841751702288e-01 3.213734626770019531e-01
1.594678042627399595e-02 2.775447964668273926e-01
1.618865819662225133e-02 2.776626944541931152e-01
1.643420472356115977e-02 2.777488827705383301e-01
1.668347565410160591e-02 2.778116464614868164e-01
1.693652747929791716e-02 2.778562903404235840e-01
1.719341754705008829e-02 2.778882384300231934e-01
1.745420407510029845e-02 2.779109477996826172e-01
1.771894616422650323e-02 2.779287695884704590e-01
1.798770381163614790e-02 2.779436707496643066e-01
1.826053792456309999e-02 2.779595255851745605e-01
1.853751033407065665e-02 2.779787778854370117e-01
1.881868380906408927e-02 2.780039310455322266e-01
1.910412207051562922e-02 2.780387997627258301e-01
1.939388980590526362e-02 2.780869007110595703e-01
1.968805268388050186e-02 2.781506180763244629e-01
1.998667736913859252e-02 2.782348394393920898e-01
2.028983153753437241e-02 2.783444523811340332e-01
2.059758389141732107e-02 2.784843444824218750e-01
2.091000417520128690e-02 2.786608338356018066e-01
2.122716319117025005e-02 2.788813114166259766e-01
2.154913281552397683e-02 2.791540026664733887e-01
2.187598601466689274e-02 2.794877290725708008e-01
2.220779686174415707e-02 2.798942327499389648e-01
2.254464055342849174e-02 2.803841829299926758e-01
2.288659342696160170e-02 2.809708118438720703e-01
2.323373297745416968e-02 2.816668748855590820e-01
2.358613787544814114e-02 2.824854850769042969e-01
2.394388798474545235e-02 2.834398746490478516e-01
2.430706438050721924e-02 2.845392227172851562e-01
2.467574936762735247e-02 2.857938408851623535e-01
2.505002649938494960e-02 2.872086167335510254e-01
2.542998059637953737e-02 2.887869477272033691e-01
2.581569776575357023e-02 2.905298471450805664e-01
2.620726542070645620e-02 2.924353480339050293e-01
2.660477230030461326e-02 2.944999933242797852e-01
2.700830848959196243e-02 2.967180013656616211e-01
2.741796544000541305e-02 2.990819811820983887e-01
2.783383599010011422e-02 3.015831708908081055e-01
2.825601438658896861e-02 3.042108416557312012e-01
1.000000000000000368e-02 2.807595729827880859e-01
1.015167812177920383e-02 2.813242673873901367e-01
1.030565686882104967e-02 2.816330790519714355e-01
1.046197113657740783e-02 2.818027138710021973e-01
1.062065634978783327e-02 2.819030284881591797e-01
1.078174847050764745e-02 2.819667458534240723e-01
1.094528400625788267e-02 2.820109128952026367e-01
1.111130001829879407e-02 2.820438742637634277e-01
1.127983413002885994e-02 2.820709347724914551e-01
1.145092453551122685e-02 2.820965647697448730e-01
1.162461000812939696e-02 2.821231484413146973e-01
1.180092990937427200e-02 2.821531295776367188e-01
1.197992419776445702e-02 2.821894884109497070e-01
1.216163343790185522e-02 2.822346091270446777e-01
1.234609880966466150e-02 2.822919487953186035e-01
1.253336211753969601e-02 2.823654413223266602e-01
1.272346580009639343e-02 2.824604511260986328e-01
1.291645293960444474e-02 2.825837135314941406e-01
1.311236727179730666e-02 2.827435731887817383e-01
1.331125319578382003e-02 2.829523086547851562e-01
1.351315578411020450e-02 2.832235097885131836e-01
1.371812079297455959e-02 2.835757732391357422e-01
1.392619467259641718e-02 2.840296030044555664e-01
1.413742457774350841e-02 2.846074700355529785e-01
1.435185837841821722e-02 2.853269577026367188e-01
1.456954467070617140e-02 2.861983180046081543e-01
1.479053278778925604e-02 2.872214913368225098e-01
1.501487281112581264e-02 2.883857488632202148e-01
1.524261558180032422e-02 2.896764874458312988e-01
1.547381271204529424e-02 2.910761237144470215e-01
1.570851659693790411e-02 2.925709486007690430e-01
1.594678042627399595e-02 2.941492795944213867e-01
1.618865819662225133e-02 2.958042621612548828e-01
1.643420472356115977e-02 2.975315451622009277e-01
