1.000000014901161194e-01 2.194822311401367188e+00 0.000000000000000000e+00
1.007870510220527649e-01 2.194828170776367049e+00 0.000000000000000000e+00
1.015802994370460510e-01 2.194834030151366466e+00 0.000000000000000000e+00
1.023797914385795593e-01 2.194839889526365884e+00 0.000000000000000000e+00
1.031855791807174683e-01 2.194845748901365301e+00 0.000000000000000000e+00
1.039976999163627625e-01 2.194851608276364718e+00 0.000000000000000000e+00
1.048162207007408142e-01 2.194857467651364136e+00 0.000000000000000000e+00
1.056411787867546082e-01 2.194867233276363461e+00 0.000000000000000000e+00
1.064726337790489197e-01 2.194873092651362878e+00 0.000000000000000000e+00
1.073106303811073303e-01 2.194882858276362203e+00 0.000000000000000000e+00
1.081552207469940186e-01 2.194888717651361620e+00 0.000000000000000000e+00
1.090064644813537598e-01 2.194898483276360945e+00 0.000000000000000000e+00
1.098643988370895386e-01 2.194908248901360270e+00 0.000000000000000000e+00
1.107290908694267273e-01 2.194918014526359595e+00 0.000000000000000000e+00
1.116005927324295044e-01 2.194931686401359272e+00 0.000000000000000000e+00
1.124789491295814514e-01 2.194941452026359041e+00 0.000000000000000000e+00
1.133642196655273438e-01 2.194955123901358718e+00 0.000000000000000000e+00
1.142564564943313599e-01 2.194968795776358839e+00 0.000000000000000000e+00
1.151557117700576782e-01 2.194978561401358608e+00 0.000000000000000000e+00
1.160620525479316711e-01 2.194996139526358192e+00 0.000000000000000000e+00
1.169755235314369202e-01 2.195009811401358313e+00 0.000000000000000000e+00
1.178961843252182007e-01 2.195027389526358341e+00 0.000000000000000000e+00
1.188240870833396912e-01 2.195041061401358462e+00 0.000000000000000000e+00
1.197592988610267639e-01 2.195058639526358490e+00 0.000000000000000000e+00
1.207018643617630005e-01 2.195080123901358871e+00 0.000000000000000000e+00
1.216518580913543701e-01 2.195097702026358455e+00 0.000000000000000000e+00
1.226093173027038574e-01 2.195119186401358835e+00 0.000000000000000000e+00
1.235743239521980286e-01 2.195140670776358771e+00 0.000000000000000000e+00
1.245469152927398682e-01 2.195162155151358707e+00 0.000000000000000000e+00
1.255271732807159424e-01 2.195183639526358643e+00 0.000000000000000000e+00
1.265151351690292358e-01 2.195209030151358487e+00 0.000000000000000000e+00
1.275108754634857178e-01 2.195238327026358238e+00 0.000000000000000000e+00
1.285144537687301636e-01 2.195263717651358082e+00 0.000000000000000000e+00
1.295259296894073486e-01 2.195293014526357833e+00 0.000000000000000000e+00
1.305453777313232422e-01 2.195322311401357585e+00 0.000000000000000000e+00
1.315728276968002319e-01 2.195351608276357336e+00 0.000000000000000000e+00
1.326083838939666748e-01 2.195384811401356995e+00 0.000000000000000000e+00
1.336520761251449585e-01 2.195421920776356561e+00 0.000000000000000000e+00
1.347039937973022461e-01 2.195459030151356128e+00 0.000000000000000000e+00
1.357641965150833130e-01 2.195496139526355694e+00 0.000000000000000000e+00
1.368327289819717407e-01 2.195533248901355261e+00 0.000000000000000000e+00
1.379096806049346924e-01 2.195574264526354735e+00 0.000000000000000000e+00
1.389950960874557495e-01 2.195619186401354561e+00 0.000000000000000000e+00
1.400890648365020752e-01 2.195660202026354479e+00 0.000000000000000000e+00
1.411916315555572510e-01 2.195709030151354213e+00 0.000000000000000000e+00
1.423028856515884399e-01 2.195757858276353947e+00 0.000000000000000000e+00
1.434228867292404175e-01 2.195806686401353680e+00 0.000000000000000000e+00
1.445517092943191528e-01 2.195859420776353321e+00 0.000000000000000000e+00
1.456894129514694214e-01 2.195916061401353314e+00 0.000000000000000000e+00
1.468360573053359985e-01 2.195972702026353307e+00 0.000000000000000000e+00
1.479917466640472412e-01 2.196029342651353300e+00 0.000000000000000000e+00
1.491565108299255371e-01 2.196093795776353108e+00 0.000000000000000000e+00
1.503304541110992432e-01 2.196158248901352916e+00 0.000000000000000000e+00
1.515136361122131348e-01 2.196222702026352724e+00 0.000000000000000000e+00
1.527061313390731812e-01 2.196291061401352440e+00 0.000000000000000000e+00
1.539080142974853516e-01 2.196363327026352064e+00 0.000000000000000000e+00
1.551193445920944214e-01 2.196439498901352039e+00 0.000000000000000000e+00
1.563402265310287476e-01 2.196515670776352014e+00 0.000000000000000000e+00
1.575707048177719116e-01 2.196595748901351897e+00 0.000000000000000000e+00
1.588108688592910767e-01 2.196679733276351687e+00 0.000000000000000000e+00
1.600607931613922119e-01 2.196767623901351829e+00 0.000000000000000000e+00
1.613205522298812866e-01 2.196855514526351971e+00 0.000000000000000000e+00
1.625902354717254639e-01 2.196947311401352021e+00 0.000000000000000000e+00
1.638699173927307129e-01 2.197043014526351978e+00 0.000000000000000000e+00
1.651596575975418091e-01 2.197142623901351843e+00 0.000000000000000000e+00
1.664595454931259155e-01 2.197246139526351616e+00 0.000000000000000000e+00
1.677696704864501953e-01 2.197353561401351296e+00 0.000000000000000000e+00
1.690901070833206177e-01 2.197460983276350976e+00 0.000000000000000000e+00
1.704209446907043457e-01 2.197576217651350472e+00 0.000000000000000000e+00
1.717622429132461548e-01 2.197695358276349875e+00 0.000000000000000000e+00
1.731141060590744019e-01 2.197814498901349278e+00 0.000000000000000000e+00
1.744766086339950562e-01 2.197941452026348941e+00 0.000000000000000000e+00
1.758498400449752808e-01 2.198068405151348603e+00 0.000000000000000000e+00
1.772338598966598511e-01 2.198203170776348525e+00 0.000000000000000000e+00
1.786287873983383179e-01 2.198341842651348355e+00 0.000000000000000000e+00
1.800346970558166504e-01 2.198480514526348184e+00 0.000000000000000000e+00
1.814516633749008179e-01 2.198626998901347829e+00 0.000000000000000000e+00
1.828797906637191772e-01 2.198781295776347289e+00 0.000000000000000000e+00
1.843191534280776978e-01 2.198935592651346749e+00 0.000000000000000000e+00
1.857698410749435425e-01 2.199093795776346116e+00 0.000000000000000000e+00
1.872319430112838745e-01 2.199259811401345299e+00 0.000000000000000000e+00
1.887055635452270508e-01 2.199429733276344834e+00 0.000000000000000000e+00
1.901907771825790405e-01 2.199603561401344720e+00 0.000000000000000000e+00
1.916876882314682007e-01 2.199781295776344958e+00 0.000000000000000000e+00
1.931963711977005005e-01 2.199966842651344567e+00 0.000000000000000000e+00
1.947169303894042969e-01 2.200156295776344084e+00 0.000000000000000000e+00
1.962494552135467529e-01 2.200353561401343416e+00 0.000000000000000000e+00
1.977940499782562256e-01 2.200550827026342748e+00 0.000000000000000000e+00
1.993507891893386841e-01 2.200755905151342340e+00 0.000000000000000000e+00
2.009197920560836792e-01 2.200968795776342635e+00 0.000000000000000000e+00
2.025011330842971802e-01 2.201185592651342393e+00 0.000000000000000000e+00
2.040949314832687378e-01 2.201406295776342059e+00 0.000000000000000000e+00
2.057012617588043213e-01 2.201634811401341540e+00 0.000000000000000000e+00
2.073202431201934814e-01 2.201867233276341373e+00 0.000000000000000000e+00
2.089519649744033813e-01 2.202107467651341022e+00 0.000000000000000000e+00
2.105965316295623779e-01 2.202355514526340929e+00 0.000000000000000000e+00
2.122540324926376343e-01 2.202607467651340745e+00 0.000000000000000000e+00
2.139245867729187012e-01 2.202863327026340468e+00 0.000000000000000000e+00
2.156082838773727417e-01 2.203126998901340450e+00 0.000000000000000000e+00
2.173052430152893066e-01 2.203398483276340247e+00 0.000000000000000000e+00
2.190155535936355591e-01 2.203673873901340396e+00 0.000000000000000000e+00
2.207393199205398560e-01 2.203957077026340361e+00 0.000000000000000000e+00
2.224766612052917480e-01 2.204248092651340141e+00 0.000000000000000000e+00
2.242276668548583984e-01 2.204543014526339828e+00 0.000000000000000000e+00
2.259924560785293579e-01 2.204845748901339331e+00 0.000000000000000000e+00
2.277711480855941772e-01 2.205156295776339093e+00 0.000000000000000000e+00
2.295638173818588257e-01 2.205470748901338762e+00 0.000000000000000000e+00
2.313706129789352417e-01 2.205793014526338691e+00 0.000000000000000000e+00
2.331916242837905884e-01 2.206123092651338435e+00 0.000000000000000000e+00
2.350269705057144165e-01 2.206460983276337995e+00 0.000000000000000000e+00
2.368767559528350830e-01 2.206802780151337462e+00 0.000000000000000000e+00
2.387410998344421387e-01 2.207152389526336744e+00 0.000000000000000000e+00
2.406201213598251343e-01 2.207509811401336286e+00 0.000000000000000000e+00
2.425139397382736206e-01 2.207875045776336531e+00 0.000000000000000000e+00
2.444226443767547607e-01 2.208248092651336147e+00 0.000000000000000000e+00
2.463463842868804932e-01 2.208625045776335671e+00 0.000000000000000000e+00
2.482852637767791748e-01 2.209009811401335011e+00 0.000000000000000000e+00
2.502394020557403564e-01 2.209406295776334961e+00 0.000000000000000000e+00
2.522089183330535889e-01 2.209806686401334819e+00 0.000000000000000000e+00
2.541939318180084229e-01 2.210214889526334492e+00 0.000000000000000000e+00
2.561945915222167969e-01 2.210630905151333980e+00 0.000000000000000000e+00
2.582109570503234863e-01 2.211050827026333820e+00 0.000000000000000000e+00
2.602432370185852051e-01 2.211482467651333383e+00 0.000000000000000000e+00
2.622914910316467285e-01 2.211918014526333298e+00 0.000000000000000000e+00
2.643558681011199951e-01 2.212365280151332936e+00 0.000000000000000000e+00
2.664364874362945557e-01 2.212816452026332925e+00 0.000000000000000000e+00
2.685334682464599609e-01 2.213275436401332730e+00 0.000000000000000000e+00
2.706469893455505371e-01 2.213742233276332794e+00 0.000000000000000000e+00
2.727771103382110596e-01 2.214216842651332673e+00 0.000000000000000000e+00
2.749240100383758545e-01 2.214699264526332367e+00 0.000000000000000000e+00
2.770878076553344727e-01 2.215189498901331877e+00 0.000000000000000000e+00
2.792686522006988525e-01 2.215687545776331646e+00 0.000000000000000000e+00
2.814666330814361572e-01 2.216193405151331230e+00 0.000000000000000000e+00
2.836819291114807129e-01 2.216707077026331074e+00 0.000000000000000000e+00
2.859146595001220703e-01 2.217224655151330825e+00 0.000000000000000000e+00
2.881649732589721680e-01 2.217753952026330300e+00 0.000000000000000000e+00
2.904329895973205566e-01 2.218287155151329682e+00 0.000000000000000000e+00
2.927188575267791748e-01 2.218832077026329230e+00 0.000000000000000000e+00
2.950226962566375732e-01 2.219380905151328687e+00 0.000000000000000000e+00
2.973446846008300781e-01 2.219941452026328310e+00 0.000000000000000000e+00
2.996849417686462402e-01 2.220505905151327841e+00 0.000000000000000000e+00
3.020436167716979980e-01 2.221078170776327187e+00 0.000000000000000000e+00
3.044208884239196777e-01 2.221658248901326793e+00 0.000000000000000000e+00
3.068168163299560547e-01 2.222246139526326214e+00 0.000000000000000000e+00
3.092316389083862305e-01 2.222841842651325894e+00 0.000000000000000000e+00
3.116654753684997559e-01 2.223441452026325482e+00 0.000000000000000000e+00
3.141184449195861816e-01 2.224052780151325237e+00 0.000000000000000000e+00
3.165907263755798340e-01 2.224668014526324900e+00 0.000000000000000000e+00
3.190824687480926514e-01 2.225294967651324729e+00 0.000000000000000000e+00
3.215938210487365723e-01 2.225925827026324466e+00 0.000000000000000000e+00
3.241249322891235352e-01 2.226564498901324463e+00 0.000000000000000000e+00
3.266759514808654785e-01 2.227210983276324274e+00 0.000000000000000000e+00
3.292470872402191162e-01 2.227865280151324345e+00 0.000000000000000000e+00
3.318384289741516113e-01 2.228523483276324324e+00 0.000000000000000000e+00
3.344501852989196777e-01 2.229189498901324118e+00 0.000000000000000000e+00
3.370824754238128662e-01 2.229867233276323635e+00 0.000000000000000000e+00
3.397355079650878906e-01 2.230548873901323059e+00 0.000000000000000000e+00
3.424094021320343018e-01 2.231238327026322743e+00 0.000000000000000000e+00
3.451043367385864258e-01 2.231935592651322242e+00 0.000000000000000000e+00
3.478204905986785889e-01 2.232636764526322093e+00 0.000000000000000000e+00
3.505580425262451172e-01 2.233345748901321759e+00 0.000000000000000000e+00
3.533171117305755615e-01 2.234062545776321240e+00 0.000000000000000000e+00
3.560979068279266357e-01 2.234787155151320537e+00 0.000000000000000000e+00
3.589005768299102783e-01 2.235519577026320093e+00 0.000000000000000000e+00
3.617253303527832031e-01 2.236255905151319556e+00 0.000000000000000000e+00
3.645722866058349609e-01 2.237000045776319279e+00 0.000000000000000000e+00
3.674416840076446533e-01 2.237751998901318817e+00 0.000000000000000000e+00
3.703336417675018311e-01 2.238507858276318263e+00 0.000000000000000000e+00
3.732483685016632080e-01 2.239275436401317876e+00 0.000000000000000000e+00
3.761860430240631104e-01 2.240043014526317489e+00 0.000000000000000000e+00
3.791468143463134766e-01 2.240822311401317268e+00 0.000000000000000000e+00
3.821309208869934082e-01 2.241605514526316956e+00 0.000000000000000000e+00
3.851384818553924561e-01 2.242400436401316810e+00 0.000000000000000000e+00
3.881697356700897217e-01 2.243195358276316220e+00 0.000000000000000000e+00
3.912248313426971436e-01 2.244001998901315797e+00 0.000000000000000000e+00
3.943039774894714355e-01 2.244812545776315726e+00 0.000000000000000000e+00
3.974073529243469238e-01 2.245630905151315471e+00 0.000000000000000000e+00
4.005351662635803223e-01 2.246453170776315122e+00 0.000000000000000000e+00
4.036875963211059570e-01 2.247283248901315034e+00 0.000000000000000000e+00
4.068648517131805420e-01 2.248121139526314760e+00 0.000000000000000000e+00
4.100670814514160156e-01 2.248962936401314838e+00 0.000000000000000000e+00
4.132945239543914795e-01 2.249812545776314732e+00 0.000000000000000000e+00
4.165473878383636475e-01 2.250669967651314440e+00 0.000000000000000000e+00
4.198258221149444580e-01 2.251531295776314057e+00 0.000000000000000000e+00
4.231300950050354004e-01 2.252400436401313488e+00 0.000000000000000000e+00
4.264603555202484131e-01 2.253277389526313179e+00 0.000000000000000000e+00
4.298168122768402100e-01 2.254158248901312778e+00 0.000000000000000000e+00
4.331997036933898926e-01 2.255046920776312636e+00 0.000000000000000000e+00
4.366092383861541748e-01 2.255939498901312401e+00 0.000000000000000000e+00
4.400455653667449951e-01 2.256839889526311982e+00 0.000000000000000000e+00
4.435089826583862305e-01 2.257748092651311378e+00 0.000000000000000000e+00
4.469996094703674316e-01 2.258664108276310589e+00 0.000000000000000000e+00
4.505177438259124756e-01 2.259584030151310152e+00 0.000000000000000000e+00
4.540635645389556885e-01 2.260511764526309531e+00 0.000000000000000000e+00
4.576372802257537842e-01 2.261443405151309261e+00 0.000000000000000000e+00
4.612391293048858643e-01 2.262382858276308806e+00 0.000000000000000000e+00
4.648693501949310303e-01 2.263330123901308166e+00 0.000000000000000000e+00
4.685281217098236084e-01 2.264281295776307878e+00 0.000000000000000000e+00
4.722156822681427002e-01 2.265240280151307406e+00 0.000000000000000000e+00
4.759322702884674072e-01 2.266203170776307285e+00 0.000000000000000000e+00
4.796781241893768311e-01 2.267177780151306887e+00 0.000000000000000000e+00
4.834534227848052979e-01 2.268156295776306397e+00 0.000000000000000000e+00
4.872584640979766846e-01 2.269138717651306258e+00 0.000000000000000000e+00
4.910934567451477051e-01 2.270132858276305843e+00 0.000000000000000000e+00
4.949586391448974609e-01 2.271130905151305779e+00 0.000000000000000000e+00
4.988542199134826660e-01 2.272136764526305530e+00 0.000000000000000000e+00
5.027804970741271973e-01 2.273146530151305189e+00 0.000000000000000000e+00
5.067376494407653809e-01 2.274164108276305107e+00 0.000000000000000000e+00
5.107259154319763184e-01 2.275189498901304841e+00 0.000000000000000000e+00
5.147455930709838867e-01 2.276222702026304834e+00 0.000000000000000000e+00
5.187969207763671875e-01 2.277259811401304734e+00 0.000000000000000000e+00
5.228801369667053223e-01 2.278308639526304358e+00 0.000000000000000000e+00
5.269954800605773926e-01 2.279361373901303889e+00 0.000000000000000000e+00
5.311432480812072754e-01 2.280418014526303327e+00 0.000000000000000000e+00
5.353236198425292969e-01 2.281486373901303377e+00 0.000000000000000000e+00
5.395368933677673340e-01 2.282558639526303335e+00 0.000000000000000000e+00
5.437833070755004883e-01 2.283638717651303107e+00 0.000000000000000000e+00
5.480632185935974121e-01 2.284726608276302695e+00 0.000000000000000000e+00
5.523767471313476562e-01 2.285818405151302191e+00 0.000000000000000000e+00
5.567242503166198730e-01 2.286921920776301409e+00 0.000000000000000000e+00
5.611059665679931641e-01 2.288029342651300979e+00 0.000000000000000000e+00
5.655221939086914062e-01 2.289148483276300272e+00 0.000000000000000000e+00
5.699731111526489258e-01 2.290271530151299917e+00 0.000000000000000000e+00
5.744591355323791504e-01 2.291402389526299377e+00 0.000000000000000000e+00
5.789804458618164062e-01 2.292541061401299096e+00 0.000000000000000000e+00
5.835373401641845703e-01 2.293687545776298631e+00 0.000000000000000000e+00
5.881300568580627441e-01 2.294837936401298517e+00 0.000000000000000000e+00
5.927589535713195801e-01 2.296000045776298126e+00 0.000000000000000000e+00
5.974243283271789551e-01 2.297169967651297995e+00 0.000000000000000000e+00
6.021263599395751953e-01 2.298343795776297327e+00 0.000000000000000000e+00
6.068654060363769531e-01 2.299529342651296826e+00 0.000000000000000000e+00
6.116417646408081055e-01 2.300722702026296584e+00 0.000000000000000000e+00
6.164557337760925293e-01 2.301919967651296250e+00 0.000000000000000000e+00
6.213075518608093262e-01 2.303128952026296528e+00 0.000000000000000000e+00
6.261975765228271484e-01 2.304341842651296712e+00 0.000000000000000000e+00
6.311261057853698730e-01 2.305566452026296620e+00 0.000000000000000000e+00
6.360933780670166016e-01 2.306798873901296343e+00 0.000000000000000000e+00
6.410998106002807617e-01 2.308039108276295881e+00 0.000000000000000000e+00
6.461455821990966797e-01 2.309283248901295327e+00 0.000000000000000000e+00
6.512311100959777832e-01 2.310539108276295384e+00 0.000000000000000000e+00
6.563566327095031738e-01 2.311806686401295163e+00 0.000000000000000000e+00
6.615225076675415039e-01 2.313078170776294851e+00 0.000000000000000000e+00
6.667290329933166504e-01 2.314357467651294353e+00 0.000000000000000000e+00
6.719765663146972656e-01 2.315648483276293579e+00 0.000000000000000000e+00
6.772654056549072266e-01 2.316943405151293156e+00 0.000000000000000000e+00
6.825958490371704102e-01 2.318250045776292456e+00 0.000000000000000000e+00
6.879681944847106934e-01 2.319564498901292016e+00 0.000000000000000000e+00
6.933829188346862793e-01 2.320890670776291742e+00 0.000000000000000000e+00
6.988402009010314941e-01 2.322220748901291376e+00 0.000000000000000000e+00
7.043404579162597656e-01 2.323562545776291177e+00 0.000000000000000000e+00
7.098839879035949707e-01 2.324912155151290793e+00 0.000000000000000000e+00
7.154711484909057617e-01 2.326269577026290669e+00 0.000000000000000000e+00
7.211022973060607910e-01 2.327634811401290360e+00 0.000000000000000000e+00
7.267777323722839355e-01 2.329011764526290218e+00 0.000000000000000000e+00
7.324978709220886230e-01 2.330396530151289891e+00 0.000000000000000000e+00
7.382630109786987305e-01 2.331789108276289824e+00 0.000000000000000000e+00
7.440735697746276855e-01 2.333193405151289479e+00 0.000000000000000000e+00
7.499298453330993652e-01 2.334605514526289394e+00 0.000000000000000000e+00
7.558321952819824219e-01 2.336025436401289124e+00 0.000000000000000000e+00
7.617809772491455078e-01 2.337457077026288577e+00 0.000000000000000000e+00
7.677766084671020508e-01 2.338896530151288289e+00 0.000000000000000000e+00
7.738193869590759277e-01 2.340343795776287816e+00 0.000000000000000000e+00
7.799097895622253418e-01 2.341802780151287511e+00 0.000000000000000000e+00
7.860481142997741699e-01 2.343269577026287021e+00 0.000000000000000000e+00
7.922347187995910645e-01 2.344748092651286253e+00 0.000000000000000000e+00
7.984700202941894531e-01 2.346234420776285745e+00 0.000000000000000000e+00
8.047544360160827637e-01 2.347728561401285052e+00 0.000000000000000000e+00
8.110882639884948730e-01 2.349234420776284527e+00 0.000000000000000000e+00
8.174719810485839844e-01 2.350751998901284168e+00 0.000000000000000000e+00
8.239058852195739746e-01 2.352273483276283716e+00 0.000000000000000000e+00
8.303905129432678223e-01 2.353810592651283340e+00 0.000000000000000000e+00
8.369261026382446289e-01 2.355351608276282871e+00 0.000000000000000000e+00
8.435131907463073730e-01 2.356904342651282125e+00 0.000000000000000000e+00
8.501520752906799316e-01 2.358468795776281546e+00 0.000000000000000000e+00
8.568432331085205078e-01 2.360041061401280782e+00 0.000000000000000000e+00
8.635870218276977539e-01 2.361625045776280185e+00 0.000000000000000000e+00
8.703839182853698730e-01 2.363216842651279403e+00 0.000000000000000000e+00
8.772343397140502930e-01 2.364816452026278437e+00 0.000000000000000000e+00
8.841386437416076660e-01 2.366427780151277638e+00 0.000000000000000000e+00
8.910972476005554199e-01 2.368050827026277450e+00 0.000000000000000000e+00
8.981106877326965332e-01 2.369681686401276632e+00 0.000000000000000000e+00
9.051793217658996582e-01 2.371324264526275982e+00 0.000000000000000000e+00
9.123035669326782227e-01 2.372974655151276036e+00 0.000000000000000000e+00
9.194838404655456543e-01 2.374632858276275460e+00 0.000000000000000000e+00
9.267206788063049316e-01 2.376306686401274959e+00 0.000000000000000000e+00
9.340144991874694824e-01 2.377984420776274366e+00 0.000000000000000000e+00
9.413656592369079590e-01 2.379677780151273847e+00 0.000000000000000000e+00
9.487747550010681152e-01 2.381375045776273236e+00 0.000000000000000000e+00
9.562420845031738281e-01 2.383084030151273236e+00 0.000000000000000000e+00
9.637682437896728516e-01 2.384804733276272959e+00 0.000000000000000000e+00
9.713535904884338379e-01 2.386533248901272497e+00 0.000000000000000000e+00
9.789986610412597656e-01 2.388273483276271758e+00 0.000000000000000000e+00
9.867039322853088379e-01 2.390021530151271278e+00 0.000000000000000000e+00
9.944698214530944824e-01 2.391781295776270522e+00 0.000000000000000000e+00
1.002296805381774902e+00 2.393548873901270024e+00 0.000000000000000000e+00
1.010185480117797852e+00 2.395328170776269250e+00 0.000000000000000000e+00
1.018136143684387207e+00 2.397115280151268291e+00 0.000000000000000000e+00
1.026149392127990723e+00 2.398914108276267498e+00 0.000000000000000000e+00
1.034225821495056152e+00 2.400720748901267410e+00 0.000000000000000000e+00
1.042365670204162598e+00 2.402535202026266692e+00 0.000000000000000000e+00
1.050569653511047363e+00 2.404361373901266141e+00 0.000000000000000000e+00
1.058838248252868652e+00 2.406195358276266294e+00 0.000000000000000000e+00
1.067171812057495117e+00 2.408041061401265726e+00 0.000000000000000000e+00
1.075571060180664062e+00 2.409894577026264972e+00 0.000000000000000000e+00
1.084036350250244141e+00 2.411755905151264479e+00 0.000000000000000000e+00
1.092568278312683105e+00 2.413628952026264152e+00 0.000000000000000000e+00
1.101167440414428711e+00 2.415509811401264084e+00 0.000000000000000000e+00
1.109834194183349609e+00 2.417398483276263832e+00 0.000000000000000000e+00
1.118569135665893555e+00 2.419294967651263395e+00 0.000000000000000000e+00
1.127372860908508301e+00 2.421203170776263125e+00 0.000000000000000000e+00
1.136245965957641602e+00 2.423119186401262670e+00 0.000000000000000000e+00
1.145188808441162109e+00 2.425039108276262123e+00 0.000000000000000000e+00
1.154202103614807129e+00 2.426974655151261651e+00 0.000000000000000000e+00
1.163286209106445312e+00 2.428914108276261086e+00 0.000000000000000000e+00
1.172441959381103516e+00 2.430861373901260780e+00 0.000000000000000000e+00
1.181669712066650391e+00 2.432816452026260290e+00 0.000000000000000000e+00
1.190970063209533691e+00 2.434783248901259523e+00 0.000000000000000000e+00
1.200343608856201172e+00 2.436753952026258663e+00 0.000000000000000000e+00
1.209790945053100586e+00 2.438732467651257618e+00 0.000000000000000000e+00
1.219312667846679688e+00 2.440718795776256833e+00 0.000000000000000000e+00
1.228909373283386230e+00 2.442709030151256844e+00 0.000000000000000000e+00
1.238581538200378418e+00 2.444710983276256133e+00 0.000000000000000000e+00
1.248329758644104004e+00 2.446716842651255330e+00 0.000000000000000000e+00
1.258154869079589844e+00 2.448730514526254787e+00 0.000000000000000000e+00
1.268057227134704590e+00 2.450748092651254595e+00 0.000000000000000000e+00
1.278037428855895996e+00 2.452773483276254662e+00 0.000000000000000000e+00
1.288096308708190918e+00 2.454806686401254101e+00 0.000000000000000000e+00
1.298234343528747559e+00 2.456843795776253447e+00 0.000000000000000000e+00
1.308452129364013672e+00 2.458884811401252701e+00 0.000000000000000000e+00
1.318750381469726562e+00 2.460929733276252307e+00 0.000000000000000000e+00
1.329129576683044434e+00 2.462982467651251728e+00 0.000000000000000000e+00
1.339590549468994141e+00 2.465039108276251500e+00 0.000000000000000000e+00
1.350133895874023438e+00 2.467099655151251181e+00 0.000000000000000000e+00
1.360760211944580078e+00 2.469164108276250769e+00 0.000000000000000000e+00
1.371470093727111816e+00 2.471232467651250264e+00 0.000000000000000000e+00
1.382264256477355957e+00 2.473304733276249667e+00 0.000000000000000000e+00
1.393143415451049805e+00 2.475380905151249422e+00 0.000000000000000000e+00
1.404108285903930664e+00 2.477457077026249177e+00 0.000000000000000000e+00
1.415159344673156738e+00 2.479537155151248840e+00 0.000000000000000000e+00
1.426297426223754883e+00 2.481621139526248410e+00 0.000000000000000000e+00
1.437523126602172852e+00 2.483705123901248424e+00 0.000000000000000000e+00
1.448837161064147949e+00 2.485793014526248346e+00 0.000000000000000000e+00
1.460240364074707031e+00 2.487880905151248268e+00 0.000000000000000000e+00
1.471733212471008301e+00 2.489968795776248189e+00 0.000000000000000000e+00
1.483316540718078613e+00 2.492060592651248019e+00 0.000000000000000000e+00
1.494991064071655273e+00 2.494148483276247941e+00 0.000000000000000000e+00
1.506757378578186035e+00 2.496236373901247863e+00 0.000000000000000000e+00
1.518616318702697754e+00 2.498328170776247692e+00 0.000000000000000000e+00
1.530568718910217285e+00 2.500416061401247614e+00 0.000000000000000000e+00
1.542615056037902832e+00 2.502503952026247536e+00 0.000000000000000000e+00
1.554756283760070801e+00 2.504587936401247550e+00 0.000000000000000000e+00
1.566993117332458496e+00 2.506675827026247472e+00 0.000000000000000000e+00
1.579326152801513672e+00 2.508755905151247134e+00 0.000000000000000000e+00
1.591756343841552734e+00 2.510835983276246797e+00 0.000000000000000000e+00
1.604284286499023438e+00 2.512912155151246552e+00 0.000000000000000000e+00
1.616910815238952637e+00 2.514984420776246399e+00 0.000000000000000000e+00
1.629636764526367188e+00 2.517056686401245802e+00 0.000000000000000000e+00
1.642462968826293945e+00 2.519121139526245390e+00 0.000000000000000000e+00
1.655390024185180664e+00 2.521181686401245070e+00 0.000000000000000000e+00
1.668418765068054199e+00 2.523242233276244750e+00 0.000000000000000000e+00
1.681550145149230957e+00 2.525291061401244264e+00 0.000000000000000000e+00
1.694784879684448242e+00 2.527339889526243777e+00 0.000000000000000000e+00
1.708123683929443359e+00 2.529380905151243031e+00 0.000000000000000000e+00
1.721567511558532715e+00 2.531414108276242469e+00 0.000000000000000000e+00
1.735117197036743164e+00 2.533443405151242001e+00 0.000000000000000000e+00
1.748773574829101562e+00 2.535464889526241716e+00 0.000000000000000000e+00
1.762537360191345215e+00 2.537478561401241173e+00 0.000000000000000000e+00
1.776409387588500977e+00 2.539484420776240814e+00 0.000000000000000000e+00
1.790390729904174805e+00 2.541486373901240103e+00 0.000000000000000000e+00
1.804482102394104004e+00 2.543476608276239670e+00 0.000000000000000000e+00
1.818684339523315430e+00 2.545459030151238977e+00 0.000000000000000000e+00
1.832998275756835938e+00 2.547429733276238562e+00 0.000000000000000000e+00
1.847424983978271484e+00 2.549396530151237794e+00 0.000000000000000000e+00
1.861965179443359375e+00 2.551351608276237304e+00 0.000000000000000000e+00
1.876619935035705566e+00 2.553294967651237091e+00 0.000000000000000000e+00
1.891389846801757812e+00 2.555230514526236618e+00 0.000000000000000000e+00
1.906276106834411621e+00 2.557158248901236330e+00 0.000000000000000000e+00
1.921279549598693848e+00 2.559070358276235968e+00 0.000000000000000000e+00
1.936401128768920898e+00 2.560974655151235790e+00 0.000000000000000000e+00
1.951641559600830078e+00 2.562867233276235446e+00 0.000000000000000000e+00
1.967002034187316895e+00 2.564748092651235378e+00 0.000000000000000000e+00
1.982483386993408203e+00 2.566617233276235144e+00 0.000000000000000000e+00
1.998086571693420410e+00 2.568474655151234742e+00 0.000000000000000000e+00
2.013812541961669922e+00 2.570320358276234618e+00 0.000000000000000000e+00
2.029662370681762695e+00 2.572154342651234327e+00 0.000000000000000000e+00
2.045636892318725586e+00 2.573976608276233424e+00 0.000000000000000000e+00
2.061737298965454102e+00 2.575783248901232891e+00 0.000000000000000000e+00
2.077964305877685547e+00 2.577578170776232191e+00 0.000000000000000000e+00
2.094318866729736328e+00 2.579361373901231769e+00 0.000000000000000000e+00
2.110802412033081055e+00 2.581128952026231271e+00 0.000000000000000000e+00
2.127415418624877930e+00 2.582884811401231051e+00 0.000000000000000000e+00
2.144159317016601562e+00 2.584628952026230220e+00 0.000000000000000000e+00
2.161035060882568359e+00 2.586353561401229850e+00 0.000000000000000000e+00
2.178043603897094727e+00 2.588070358276229666e+00 0.000000000000000000e+00
2.195185899734497070e+00 2.589767623901229054e+00 0.000000000000000000e+00
2.212463140487670898e+00 2.591453170776228720e+00 0.000000000000000000e+00
2.229876518249511719e+00 2.593126998901228220e+00 0.000000000000000000e+00
2.247426748275756836e+00 2.594785202026228088e+00 0.000000000000000000e+00
2.265115261077880859e+00 2.596423873901227530e+00 0.000000000000000000e+00
2.282943010330200195e+00 2.598054733276227157e+00 0.000000000000000000e+00
2.300910949707031250e+00 2.599666061401226358e+00 0.000000000000000000e+00
2.319020271301269531e+00 2.601265670776225836e+00 0.000000000000000000e+00
2.337272167205810547e+00 2.602849655151225239e+00 0.000000000000000000e+00
2.355667829513549805e+00 2.604418014526225011e+00 0.000000000000000000e+00
2.374208211898803711e+00 2.605970748901224265e+00 0.000000000000000000e+00
2.392894506454467773e+00 2.607511764526223796e+00 0.000000000000000000e+00
2.411727905273437500e+00 2.609033248901223789e+00 0.000000000000000000e+00
2.430709362030029297e+00 2.610543014526223171e+00 0.000000000000000000e+00
2.449840545654296875e+00 2.612037155151222922e+00 0.000000000000000000e+00
2.469121932983398438e+00 2.613515670776222155e+00 0.000000000000000000e+00
2.488555431365966797e+00 2.614978561401221757e+00 0.000000000000000000e+00
2.508141517639160156e+00 2.616429733276221636e+00 0.000000000000000000e+00
2.527882099151611328e+00 2.617865280151221441e+00 0.000000000000000000e+00
2.547777891159057617e+00 2.619281295776220819e+00 0.000000000000000000e+00
2.567830085754394531e+00 2.620685592651220919e+00 0.000000000000000000e+00
2.588040351867675781e+00 2.622074264526220944e+00 0.000000000000000000e+00
2.608409643173217773e+00 2.623447311401220450e+00 0.000000000000000000e+00
2.628939151763916016e+00 2.624808639526220233e+00 0.000000000000000000e+00
2.649630308151245117e+00 2.626154342651219498e+00 0.000000000000000000e+00
2.670484304428100586e+00 2.627484420776219132e+00 0.000000000000000000e+00
2.691502571105957031e+00 2.628798873901218691e+00 0.000000000000000000e+00
2.712686061859130859e+00 2.630097702026218176e+00 0.000000000000000000e+00
2.734036445617675781e+00 2.631384811401217494e+00 0.000000000000000000e+00
2.755554676055908203e+00 2.632656295776217181e+00 0.000000000000000000e+00
2.777242422103881836e+00 2.633912155151217238e+00 0.000000000000000000e+00
2.799100875854492188e+00 2.635156295776216684e+00 0.000000000000000000e+00
2.821131229400634766e+00 2.636384811401216499e+00 0.000000000000000000e+00
2.843335151672363281e+00 2.637601608276216592e+00 0.000000000000000000e+00
2.865713596343994141e+00 2.638798873901216258e+00 0.000000000000000000e+00
2.888268232345581055e+00 2.639988327026216108e+00 0.000000000000000000e+00
2.911000490188598633e+00 2.641162155151215885e+00 0.000000000000000000e+00
2.933911800384521484e+00 2.642320358276215142e+00 0.000000000000000000e+00
2.957003116607666016e+00 2.643466842651215121e+00 0.000000000000000000e+00
2.980276346206665039e+00 2.644597702026214581e+00 0.000000000000000000e+00
3.003732681274414062e+00 2.645716842651214318e+00 0.000000000000000000e+00
3.027373790740966797e+00 2.646824264526213888e+00 0.000000000000000000e+00
3.051200866699218750e+00 2.647916061401213828e+00 0.000000000000000000e+00
3.075215339660644531e+00 2.648996139526213600e+00 0.000000000000000000e+00
3.099418878555297852e+00 2.650060592651213298e+00 0.000000000000000000e+00
3.123813152313232422e+00 2.651117233276213181e+00 0.000000000000000000e+00
3.148399114608764648e+00 2.652158248901212989e+00 0.000000000000000000e+00
3.173178672790527344e+00 2.653187545776213074e+00 0.000000000000000000e+00
3.198153257369995117e+00 2.654201217651213085e+00 0.000000000000000000e+00
3.223324537277221680e+00 2.655207077026212392e+00 0.000000000000000000e+00
3.248693704605102539e+00 2.656201217651212421e+00 0.000000000000000000e+00
3.274262666702270508e+00 2.657179733276211930e+00 0.000000000000000000e+00
3.300033092498779297e+00 2.658150436401211625e+00 0.000000000000000000e+00
3.326005935668945312e+00 2.659109420776211596e+00 0.000000000000000000e+00
3.352183580398559570e+00 2.660052780151211049e+00 0.000000000000000000e+00
3.378566980361938477e+00 2.660988327026210687e+00 0.000000000000000000e+00
3.405158042907714844e+00 2.661912155151210158e+00 0.000000000000000000e+00
3.431958436965942383e+00 2.662824264526209905e+00 0.000000000000000000e+00
3.458969831466674805e+00 2.663724655151209486e+00 0.000000000000000000e+00
3.486193895339965820e+00 2.664617233276209252e+00 0.000000000000000000e+00
3.513632059097290039e+00 2.665498092651209294e+00 0.000000000000000000e+00
3.541286230087280273e+00 2.666367233276208726e+00 0.000000000000000000e+00
3.569158077239990234e+00 2.667224655151208434e+00 0.000000000000000000e+00
3.597249269485473633e+00 2.668074264526208328e+00 0.000000000000000000e+00
3.625561475753784180e+00 2.668912155151208498e+00 0.000000000000000000e+00
3.654096603393554688e+00 2.669742233276208410e+00 0.000000000000000000e+00
3.682856321334838867e+00 2.670560592651207710e+00 0.000000000000000000e+00
3.711842298507690430e+00 2.671371139526207639e+00 0.000000000000000000e+00
3.741056442260742188e+00 2.672169967651207401e+00 0.000000000000000000e+00
3.770500659942626953e+00 2.672960983276206459e+00 0.000000000000000000e+00
3.800176620483398438e+00 2.673740280151206239e+00 0.000000000000000000e+00
3.830085992813110352e+00 2.674515670776206111e+00 0.000000000000000000e+00
3.860230684280395508e+00 2.675279342651205816e+00 0.000000000000000000e+00
3.890612840652465820e+00 2.676031295776205354e+00 0.000000000000000000e+00
3.921234130859375000e+00 2.676779342651204985e+00 0.000000000000000000e+00
3.952096223831176758e+00 2.677515670776204448e+00 0.000000000000000000e+00
3.983201503753662109e+00 2.678244186401203653e+00 0.000000000000000000e+00
4.014551162719726562e+00 2.678964889526203041e+00 0.000000000000000000e+00
4.046147823333740234e+00 2.679677780151202615e+00 0.000000000000000000e+00
4.077993392944335938e+00 2.680382858276202374e+00 0.000000000000000000e+00
4.110089302062988281e+00 2.681080123901202317e+00 0.000000000000000000e+00
4.142437934875488281e+00 2.681765670776202093e+00 0.000000000000000000e+00
4.175041198730468750e+00 2.682447311401201961e+00 0.000000000000000000e+00
4.207901000976562500e+00 2.683121139526201571e+00 0.000000000000000000e+00
4.241019248962402344e+00 2.683787155151201365e+00 0.000000000000000000e+00
4.274398326873779297e+00 2.684449264526201251e+00 0.000000000000000000e+00
4.308040142059326172e+00 2.685099655151201414e+00 0.000000000000000000e+00
4.341947078704833984e+00 2.685746139526201670e+00 0.000000000000000000e+00
4.376120567321777344e+00 2.686380905151201315e+00 0.000000000000000000e+00
4.410562992095947266e+00 2.687011764526201052e+00 0.000000000000000000e+00
4.445276260375976562e+00 2.687638717651200881e+00 0.000000000000000000e+00
4.480263233184814453e+00 2.688253952026200988e+00 0.000000000000000000e+00
4.515524864196777344e+00 2.688865280151200743e+00 0.000000000000000000e+00
4.551064491271972656e+00 2.689472702026200146e+00 0.000000000000000000e+00
4.586884021759033203e+00 2.690072311401199290e+00 0.000000000000000000e+00
4.622985363006591797e+00 2.690664108276199062e+00 0.000000000000000000e+00
4.659370422363281250e+00 2.691251998901198927e+00 0.000000000000000000e+00
4.696042537689208984e+00 2.691832077026198533e+00 0.000000000000000000e+00
4.733002662658691406e+00 2.692404342651198323e+00 0.000000000000000000e+00
4.770254135131835938e+00 2.692976608276197670e+00 0.000000000000000000e+00
4.807798385620117188e+00 2.693537155151197293e+00 0.000000000000000000e+00
4.845638275146484375e+00 2.694097702026196917e+00 0.000000000000000000e+00
4.883776187896728516e+00 2.694650436401196725e+00 0.000000000000000000e+00
4.922214031219482422e+00 2.695199264526196181e+00 0.000000000000000000e+00
4.960954666137695312e+00 2.695740280151195822e+00 0.000000000000000000e+00
5.000000000000000000e+00 2.696277389526195112e+00 0.000000000000000000e+00
