1.000000000000000194e-01 2.194823741912841797e+00
1.040306502726004306e-01 2.194852828979492188e+00
1.082237619614010299e-01 2.194890022277832031e+00
1.125858833179166629e-01 2.194942474365234375e+00
1.171238265307799065e-01 2.195010662078857422e+00
1.218446783641228270e-01 2.195102214813232422e+00
1.267558112247554880e-01 2.195217132568359375e+00
1.318648946754229223e-01 2.195363521575927734e+00
1.371799074121221595e-01 2.195545196533203125e+00
1.427091497241818607e-01 2.195773601531982422e+00
1.484612564565653270e-01 2.196056842803955078e+00
1.544452104946379134e-01 2.196398258209228516e+00
1.606703567924583631e-01 2.196810245513916016e+00
1.671464169665016763e-01 2.197300434112548828e+00
1.738835044776038119e-01 2.197884559631347656e+00
1.808921404248375331e-01 2.198570251464843750e+00
1.881832699759840299e-01 2.199368953704833984e+00
1.957682794602593757e-01 2.200288772583007812e+00
2.036590141499895201e-01 2.201345443725585938e+00
2.118677967590014144e-01 2.202546596527099609e+00
2.204074466866206561e-01 2.203903675079345703e+00
2.292913000373265620e-01 2.205420970916748047e+00
2.385332304473301024e-01 2.207114219665527344e+00
2.481476707505980983e-01 2.208983421325683594e+00
2.581496355181586155e-01 2.211040019989013672e+00
2.685547445058882876e-01 2.213279724121093750e+00
2.793792470473963063e-01 2.215714931488037109e+00
2.906400474301011894e-01 2.218338012695312500e+00
3.023547312941286536e-01 2.221152305603027344e+00
3.145415930952556449e-01 2.224157810211181641e+00
3.272196646747913551e-01 2.227346897125244141e+00
3.404087449810080379e-01 2.230723381042480469e+00
3.541294309885407721e-01 2.234275817871093750e+00
3.684031498640387703e-01 2.238004207611083984e+00
3.832521924283022186e-01 2.241904258728027344e+00
3.986997479671606781e-01 2.245968341827392578e+00
4.147699404454561756e-01 2.250200271606445312e+00
4.314878661806856308e-01 2.254596233367919922e+00
4.488796330351352282e-01 2.259156703948974609e+00
4.669724011877137149e-01 2.263877391815185547e+00
4.857944255491551400e-01 2.268762111663818359e+00
5.053750998868298261e-01 2.273814201354980469e+00
5.257450027280728966e-01 2.279038429260253906e+00
5.469359451137152384e-01 2.284438133239746094e+00
5.689810202763909697e-01 2.290021896362304688e+00
5.919146553212059070e-01 2.295789241790771484e+00
6.157726649894720294e-01 2.301751613616943359e+00
6.405923075894691676e-01 2.307913303375244141e+00
6.664123431815813792e-01 2.314281940460205078e+00
6.932730941086726606e-01 2.320861816406250000e+00
7.212165079662294920e-01 2.327663898468017578e+00
7.502862231106097735e-01 2.334692478179931641e+00
7.805276368077007643e-01 2.341951847076416016e+00
8.119879761284120034e-01 2.349449157714843750e+00
8.447163717017146523e-01 2.357188701629638672e+00
8.787639344404101216e-01 2.365174293518066406e+00
9.141838353594471389e-01 2.373409748077392578e+00
9.510313886114315496e-01 2.381891727447509766e+00
9.893641378690136712e-01 2.390627384185791016e+00
1.029241946189042300e+00 2.399605274200439453e+00
1.070727089498828555e+00 2.408825397491455078e+00
1.113884353850520093e+00 2.418279647827148438e+00
1.158781136595449235e+00 2.427952766418457031e+00
1.205487551636476473e+00 2.437832832336425781e+00
1.254076538922676232e+00 2.447896480560302734e+00
1.304623978357380754e+00 2.458120346069335938e+00
1.357208808297453384e+00 2.468476772308349609e+00
1.411913148828851661e+00 2.478927135467529297e+00
1.468822430011003544e+00 2.489439964294433594e+00
1.528025525290257924e+00 2.499972343444824219e+00
1.589614890290774074e+00 2.510477542877197266e+00
1.653686707199576000e+00 2.520912170410156250e+00
1.720341034971272443e+00 2.531229496002197266e+00
1.789681965586999546e+00 2.541382789611816406e+00
1.861817786611612346e+00 2.551329612731933594e+00
1.936861150302997103e+00 2.561034202575683594e+00
2.014929249537576350e+00 2.570453166961669922e+00
2.096144000826767773e+00 2.579559803009033203e+00
2.180632234710190076e+00 2.588326930999755859e+00
2.268525893822948891e+00 2.596738338470458984e+00
2.359962238946335500e+00 2.604778766632080078e+00
2.455084063363692781e+00 2.612440586090087891e+00
2.554039915856231691e+00 2.619723320007324219e+00
2.656984332687014394e+00 2.626623153686523438e+00
2.764078078935413796e+00 2.633152008056640625e+00
2.875488399558913777e+00 2.639317512512207031e+00
2.991389280574328069e+00 2.645131587982177734e+00
3.111961720766337702e+00 2.650605678558349609e+00
3.237394014347626747e+00 2.655759334564208984e+00
3.367882045012080106e+00 2.660612583160400391e+00
3.503629591840220048e+00 2.665176868438720703e+00
3.644848647534636221e+00 2.669475078582763672e+00
3.791759749482364938e+00 2.673523426055908203e+00
3.944592324161229069e+00 2.677337646484375000e+00
4.103585045428010503e+00 2.680937290191650391e+00
4.268986207247943199e+00 2.684340953826904297e+00
4.441054111447656716e+00 2.687561511993408203e+00
4.620057471097055668e+00 2.690613746643066406e+00
4.806275830150124939e+00 2.693517684936523438e+00
4.999999999999999112e+00 2.696277618408203125e+00
