5.000000074505805969e-02 5.693501830101013184e-01 0.000000000000000000e+00
5.077605694532394409e-02 5.693663573265075328e-01 0.000000000000000000e+00
5.156415700912475586e-02 5.693843626976011763e-01 0.000000000000000000e+00
5.236449092626571655e-02 5.694041991233824707e-01 0.000000000000000000e+00
5.317724868655204773e-02 5.694258666038511940e-01 0.000000000000000000e+00
5.400262027978897095e-02 5.694499754905699707e-01 0.000000000000000000e+00
5.484079942107200623e-02 5.694771361351012029e-01 0.000000000000000000e+00
5.569199100136756897e-02 5.695073485374448907e-01 0.000000000000000000e+00
5.655639246106147766e-02 5.695400023460386318e-01 0.000000000000000000e+00
5.743421241641044617e-02 5.695763182640072309e-01 0.000000000000000000e+00
5.832565575838088989e-02 5.696162962913509098e-01 0.000000000000000000e+00
5.923093482851982117e-02 5.696599364280696687e-01 0.000000000000000000e+00
6.015026569366455078e-02 5.697078490257259098e-01 0.000000000000000000e+00
6.108386814594268799e-02 5.697606444358821465e-01 0.000000000000000000e+00
6.203195825219154358e-02 5.698183226585384897e-01 0.000000000000000000e+00
6.299476325511932373e-02 5.698814940452572309e-01 0.000000000000000000e+00
6.397251039743423462e-02 5.699507689476008832e-01 0.000000000000000000e+00
6.496544182300567627e-02 5.700255370140070443e-01 0.000000000000000000e+00
6.597377359867095947e-02 5.701076292991632544e-01 0.000000000000000000e+00
6.699776649475097656e-02 5.701970458030696243e-01 0.000000000000000000e+00
6.803764402866363525e-02 5.702943968772882233e-01 0.000000000000000000e+00
6.909366697072982788e-02 5.703996825218193845e-01 0.000000000000000000e+00
7.016607373952865601e-02 5.705147337913505368e-01 0.000000000000000000e+00
7.125513255596160889e-02 5.706389403343190558e-01 0.000000000000000000e+00
7.236109673976898193e-02 5.707735228538501904e-01 0.000000000000000000e+00
7.348421961069107056e-02 5.709197020530687450e-01 0.000000000000000000e+00
7.462477684020996094e-02 5.710780882835373440e-01 0.000000000000000000e+00
7.578303664922714233e-02 5.712486815452562094e-01 0.000000000000000000e+00
7.695927470922470093e-02 5.714327025413499239e-01 0.000000000000000000e+00
7.815377414226531982e-02 5.716319823265062494e-01 0.000000000000000000e+00
7.936680316925048828e-02 5.718471312522874772e-01 0.000000000000000000e+00
8.059866726398468018e-02 5.720787596702561206e-01 0.000000000000000000e+00
8.184964954853057861e-02 5.723286986350998307e-01 0.000000000000000000e+00
8.312004804611206055e-02 5.725975584983811206e-01 0.000000000000000000e+00
8.441016823053359985e-02 5.728871703147873085e-01 0.000000000000000000e+00
8.572030812501907349e-02 5.731987547874435318e-01 0.000000000000000000e+00
8.705078065395355225e-02 5.735341429710372196e-01 0.000000000000000000e+00
8.840190619230270386e-02 5.738939452171307742e-01 0.000000000000000000e+00
8.977400511503219604e-02 5.742812132835370953e-01 0.000000000000000000e+00
9.116739779710769653e-02 5.746965575218183631e-01 0.000000000000000000e+00
9.258241951465606689e-02 5.751430296897870331e-01 0.000000000000000000e+00
9.401940554380416870e-02 5.756218504905683542e-01 0.000000000000000000e+00
9.547869116067886353e-02 5.761360716819745598e-01 0.000000000000000000e+00
9.696062654256820679e-02 5.766875243186933009e-01 0.000000000000000000e+00
9.846556931734085083e-02 5.772786498069744088e-01 0.000000000000000000e+00
9.999386221170425415e-02 5.779131102561931854e-01 0.000000000000000000e+00
1.015458777546882629e-01 5.785927367210369487e-01 0.000000000000000000e+00
1.031219884753227234e-01 5.793218016624432920e-01 0.000000000000000000e+00
1.047225594520568848e-01 5.801033568382245598e-01 0.000000000000000000e+00
1.063479706645011902e-01 5.809410643577557209e-01 0.000000000000000000e+00
1.079986095428466797e-01 5.818385863304120775e-01 0.000000000000000000e+00
1.096748709678649902e-01 5.828014159202558053e-01 0.000000000000000000e+00
1.113771498203277588e-01 5.838338255882244976e-01 0.000000000000000000e+00
1.131058484315872192e-01 5.849400877952559696e-01 0.000000000000000000e+00
1.148613765835762024e-01 5.861269164085372019e-01 0.000000000000000000e+00
1.166441515088081360e-01 5.874004149436934386e-01 0.000000000000000000e+00
1.184546053409576416e-01 5.887666869163497019e-01 0.000000000000000000e+00
1.202931553125381470e-01 5.902336668968184430e-01 0.000000000000000000e+00
1.221602410078048706e-01 5.918086791038497108e-01 0.000000000000000000e+00
1.240563020110130310e-01 5.935008788108810940e-01 0.000000000000000000e+00
1.259817928075790405e-01 5.953206419944747640e-01 0.000000000000000000e+00
1.279371827840805054e-01 5.972777342796310451e-01 0.000000000000000000e+00
1.299229115247726440e-01 5.993843626975998706e-01 0.000000000000000000e+00
1.319394558668136597e-01 6.016545653343186029e-01 0.000000000000000000e+00
1.339873075485229492e-01 6.041017699241623129e-01 0.000000000000000000e+00
1.360669434070587158e-01 6.067442870140059563e-01 0.000000000000000000e+00
1.381788551807403564e-01 6.095992064475996841e-01 0.000000000000000000e+00
1.403235495090484619e-01 6.126881957054121086e-01 0.000000000000000000e+00
1.425015181303024292e-01 6.160347533225994932e-01 0.000000000000000000e+00
1.447133123874664307e-01 6.196669554710371175e-01 0.000000000000000000e+00
1.469594240188598633e-01 6.236153197288497596e-01 0.000000000000000000e+00
1.492403894662857056e-01 6.279152464866623040e-01 0.000000000000000000e+00
1.515567749738693237e-01 6.326082396507248795e-01 0.000000000000000000e+00
1.539091020822525024e-01 6.377431273460373307e-01 0.000000000000000000e+00
1.562979519367218018e-01 6.433748412132248573e-01 0.000000000000000000e+00
1.587238758802413940e-01 6.495717406272873973e-01 0.000000000000000000e+00
1.611874401569366455e-01 6.564107298850999639e-01 0.000000000000000000e+00
1.636892557144165039e-01 6.639894652366623573e-01 0.000000000000000000e+00
1.662299036979675293e-01 6.724202513694749195e-01 0.000000000000000000e+00
1.688099652528762817e-01 6.818434691429123840e-01 0.000000000000000000e+00
1.714300960302352905e-01 6.924312376975999550e-01 0.000000000000000000e+00
1.740908771753311157e-01 7.043971800804126326e-01 0.000000000000000000e+00
1.767929643392562866e-01 7.180049681663502881e-01 0.000000000000000000e+00
1.795369982719421387e-01 7.335902953147878103e-01 0.000000000000000000e+00
1.823236048221588135e-01 7.515682005882252659e-01 0.000000000000000000e+00
1.851534843444824219e-01 7.724513792991627437e-01 0.000000000000000000e+00
1.880272626876831055e-01 7.968453001976002481e-01 0.000000000000000000e+00
1.909456700086593628e-01 8.253920531272876948e-01 0.000000000000000000e+00
1.939093619585037231e-01 8.586031126976002570e-01 0.000000000000000000e+00
1.969190537929534912e-01 8.965114378929127659e-01 0.000000000000000000e+00
1.999754607677459717e-01 9.382198119163503991e-01 0.000000000000000000e+00
2.030792981386184692e-01 9.817616820335378636e-01 0.000000000000000000e+00
2.062313258647918701e-01 1.024735925197600483e+00 0.000000000000000000e+00
2.094322592020034790e-01 1.065278527736662983e+00 0.000000000000000000e+00
2.126828879117965698e-01 1.102510583400726052e+00 0.000000000000000000e+00
2.159839719533920288e-01 1.136341760158539049e+00 0.000000000000000000e+00
2.193362861871719360e-01 1.167091882228851629e+00 0.000000000000000000e+00
2.227406203746795654e-01 1.195215051174164156e+00 0.000000000000000000e+00
2.261978089809417725e-01 1.221175744533539609e+00 0.000000000000000000e+00
2.297086566686630249e-01 1.245393273830414760e+00 0.000000000000000000e+00
2.332739979028701782e-01 1.268214318752289849e+00 0.000000000000000000e+00
2.368946671485900879e-01 1.289944055080414875e+00 0.000000000000000000e+00
2.405715435743331909e-01 1.310826623439790284e+00 0.000000000000000000e+00
2.443054765462875366e-01 1.331071984767915328e+00 0.000000000000000000e+00
2.480973750352859497e-01 1.350855920314790515e+00 0.000000000000000000e+00
2.519481182098388672e-01 1.370329797267915817e+00 0.000000000000000000e+00
2.558586597442626953e-01 1.389625451564791225e+00 0.000000000000000000e+00
2.598298788070678711e-01 1.408857629299166581e+00 0.000000000000000000e+00
2.638627290725708008e-01 1.428123986721042016e+00 0.000000000000000000e+00
2.679581642150878906e-01 1.447524621486667273e+00 0.000000000000000000e+00
2.721171677112579346e-01 1.467137658596042504e+00 0.000000000000000000e+00
2.763407528400421143e-01 1.487043664455417913e+00 0.000000000000000000e+00
2.806298732757568359e-01 1.507315881252292877e+00 0.000000000000000000e+00
2.849855422973632812e-01 1.528020226955417948e+00 0.000000000000000000e+00
2.894088625907897949e-01 1.549225060939792842e+00 0.000000000000000000e+00
2.939008176326751709e-01 1.570988976955418392e+00 0.000000000000000000e+00
2.984624803066253662e-01 1.593370568752293659e+00 0.000000000000000000e+00
3.030949532985687256e-01 1.616421105861668872e+00 0.000000000000000000e+00
3.077993392944335938e-01 1.640186975002294156e+00 0.000000000000000000e+00
3.125767111778259277e-01 1.664707238674169254e+00 0.000000000000000000e+00
3.174282610416412354e-01 1.690011193752294361e+00 0.000000000000000000e+00
3.223550915718078613e-01 1.716120812892919512e+00 0.000000000000000000e+00
3.273584246635437012e-01 1.743038537502294760e+00 0.000000000000000000e+00
3.324393928050994873e-01 1.770752160549169618e+00 0.000000000000000000e+00
3.375992178916931152e-01 1.799220178127294734e+00 0.000000000000000000e+00
3.428391516208648682e-01 1.828381555080419885e+00 0.000000000000000000e+00
3.481603860855102539e-01 1.858145959377295098e+00 0.000000000000000000e+00
3.535642325878143311e-01 1.888383996486669991e+00 0.000000000000000000e+00
3.590519428253173828e-01 1.918944299221044814e+00 0.000000000000000000e+00
3.646248579025268555e-01 1.949633996486669796e+00 0.000000000000000000e+00
3.702842295169830322e-01 1.980248010158544680e+00 0.000000000000000000e+00
3.760314583778381348e-01 2.010559289455419396e+00 0.000000000000000000e+00
3.818678855895996094e-01 2.040343225002294147e+00 0.000000000000000000e+00
3.877949118614196777e-01 2.069392297267918401e+00 0.000000000000000000e+00
3.938139379024505615e-01 2.097513635158542389e+00 0.000000000000000000e+00
3.999263644218444824e-01 2.124560754299166465e+00 0.000000000000000000e+00
4.061336815357208252e-01 2.150418908596040346e+00 0.000000000000000000e+00
4.124373197555541992e-01 2.175027062892914032e+00 0.000000000000000000e+00
4.188388288021087646e-01 2.198348596096038499e+00 0.000000000000000000e+00
4.253396689891815186e-01 2.220395715236663126e+00 0.000000000000000000e+00
4.319414198398590088e-01 2.241200158596037273e+00 0.000000000000000000e+00
4.386456310749053955e-01 2.260808312892911509e+00 0.000000000000000000e+00
4.454539120197296143e-01 2.279290978908536047e+00 0.000000000000000000e+00
4.523678719997406006e-01 2.296718957424160656e+00 0.000000000000000000e+00
4.593891203403472900e-01 2.313165490627285159e+00 0.000000000000000000e+00
4.665193557739257812e-01 2.328708703517909484e+00 0.000000000000000000e+00
4.737602770328521729e-01 2.343419396877283400e+00 0.000000000000000000e+00
4.811135530471801758e-01 2.357368371486657566e+00 0.000000000000000000e+00
4.885809719562530518e-01 2.370621545314782530e+00 0.000000000000000000e+00
4.961643218994140625e-01 2.383237512111656464e+00 0.000000000000000000e+00
5.038653612136840820e-01 2.395274865627281535e+00 0.000000000000000000e+00
5.116859078407287598e-01 2.406782433986655700e+00 0.000000000000000000e+00
5.196278691291809082e-01 2.417806603908529972e+00 0.000000000000000000e+00
5.276930332183837891e-01 2.428386437892903871e+00 0.000000000000000000e+00
5.358834266662597656e-01 2.438565881252278356e+00 0.000000000000000000e+00
5.442009568214416504e-01 2.448377892971028036e+00 0.000000000000000000e+00
5.526475906372070312e-01 2.457848107814777805e+00 0.000000000000000000e+00
5.612252950668334961e-01 2.467010705471027521e+00 0.000000000000000000e+00
5.699361562728881836e-01 2.475890100002276828e+00 0.000000000000000000e+00
5.787822008132934570e-01 2.484510705471026260e+00 0.000000000000000000e+00
5.877655148506164551e-01 2.492887170314775247e+00 0.000000000000000000e+00
5.968883037567138672e-01 2.501043908596024767e+00 0.000000000000000000e+00
6.061527132987976074e-01 2.508990685939774146e+00 0.000000000000000000e+00
6.155608892440795898e-01 2.516751916408523027e+00 0.000000000000000000e+00
6.251150965690612793e-01 2.524337365627272955e+00 0.000000000000000000e+00
6.348175406455993652e-01 2.531756799221021925e+00 0.000000000000000000e+00
6.446706652641296387e-01 2.539024865627271144e+00 0.000000000000000000e+00
6.546766757965087891e-01 2.546151330471020380e+00 0.000000000000000000e+00
6.648379564285278320e-01 2.553136193752270078e+00 0.000000000000000000e+00
6.751570105552673340e-01 2.559998986721019332e+00 0.000000000000000000e+00
6.856362223625183105e-01 2.566739709377269030e+00 0.000000000000000000e+00
6.962780356407165527e-01 2.573368127346018053e+00 0.000000000000000000e+00
7.070850729942321777e-01 2.579884240627266845e+00 0.000000000000000000e+00
7.180598378181457520e-01 2.586297814846016063e+00 0.000000000000000000e+00
7.292049527168273926e-01 2.592608850002265264e+00 0.000000000000000000e+00
7.405230402946472168e-01 2.598822228908514997e+00 0.000000000000000000e+00
7.520167827606201172e-01 2.604942834377264038e+00 0.000000000000000000e+00
7.636889219284057617e-01 2.610965783596013612e+00 0.000000000000000000e+00
7.755422592163085938e-01 2.616900842189763043e+00 0.000000000000000000e+00
7.875795364379882812e-01 2.622748010158512333e+00 0.000000000000000000e+00
7.998036742210388184e-01 2.628507287502261924e+00 0.000000000000000000e+00
8.122175335884094238e-01 2.634173791408511267e+00 0.000000000000000000e+00
8.248240351676940918e-01 2.639757287502260130e+00 0.000000000000000000e+00
8.376262187957763672e-01 2.645252892971008851e+00 0.000000000000000000e+00
8.506271243095397949e-01 2.650655725002258212e+00 0.000000000000000000e+00
8.638298511505126953e-01 2.655975549221007537e+00 0.000000000000000000e+00
8.772374391555786133e-01 2.661207482814756720e+00 0.000000000000000000e+00
8.908531665802001953e-01 2.666346642971006098e+00 0.000000000000000000e+00
9.046801924705505371e-01 2.671397912502256222e+00 0.000000000000000000e+00
9.187218546867370605e-01 2.676356408596005654e+00 0.000000000000000000e+00
9.329814910888671875e-01 2.681222131252255281e+00 0.000000000000000000e+00
9.474623799324035645e-01 2.685995080471004659e+00 0.000000000000000000e+00
9.621680974960327148e-01 2.690670373439754126e+00 0.000000000000000000e+00
9.771019816398620605e-01 2.695248010158504126e+00 0.000000000000000000e+00
9.922677278518676758e-01 2.699727990627253771e+00 0.000000000000000000e+00
1.007668852806091309e+00 2.704115197658503167e+00 0.000000000000000000e+00
1.023308992385864258e+00 2.708394982814752439e+00 0.000000000000000000e+00
1.039191961288452148e+00 2.712572228908502137e+00 0.000000000000000000e+00
1.055321335792541504e+00 2.716646935939751817e+00 0.000000000000000000e+00
1.071701169013977051e+00 2.720614221096001373e+00 0.000000000000000000e+00
1.088335156440734863e+00 2.724478967189750467e+00 0.000000000000000000e+00
1.105227351188659668e+00 2.728236291408500325e+00 0.000000000000000000e+00
1.122381687164306641e+00 2.731886193752250058e+00 0.000000000000000000e+00
1.139802336692810059e+00 2.735423791408499561e+00 0.000000000000000000e+00
1.157493352890014648e+00 2.738853967189748939e+00 0.000000000000000000e+00
1.175458908081054688e+00 2.742171838283498086e+00 0.000000000000000000e+00
1.193703413009643555e+00 2.745382287502247554e+00 0.000000000000000000e+00
1.212231040000915527e+00 2.748480432033497234e+00 0.000000000000000000e+00
1.231046199798583984e+00 2.751466271877246683e+00 0.000000000000000000e+00
1.250153422355651855e+00 2.754344689845995564e+00 0.000000000000000000e+00
1.269557237625122070e+00 2.757115685939745209e+00 0.000000000000000000e+00
1.289262175559997559e+00 2.759774377345995067e+00 0.000000000000000000e+00
1.309273004531860352e+00 2.762320764064745138e+00 0.000000000000000000e+00
1.329594373703002930e+00 2.764764611720994303e+00 0.000000000000000000e+00
1.350231170654296875e+00 2.767101037502243788e+00 0.000000000000000000e+00
1.371188282966613770e+00 2.769334924220993255e+00 0.000000000000000000e+00
1.392470717430114746e+00 2.771466271877242704e+00 0.000000000000000000e+00
1.414083361625671387e+00 2.773495080470992580e+00 0.000000000000000000e+00
1.436031579971313477e+00 2.775421350002242438e+00 0.000000000000000000e+00
1.458320379257202148e+00 2.777254846095992047e+00 0.000000000000000000e+00
1.480955123901367188e+00 2.778995568752241851e+00 0.000000000000000000e+00
1.503941297531127930e+00 2.780638635158491301e+00 0.000000000000000000e+00
1.527284145355224609e+00 2.782193810939741052e+00 0.000000000000000000e+00
1.550989270210266113e+00 2.783665978908489880e+00 0.000000000000000000e+00
1.575062394142150879e+00 2.785050256252239009e+00 0.000000000000000000e+00
1.599509119987487793e+00 2.786351525783488992e+00 0.000000000000000000e+00
1.624335289001464844e+00 2.787579553127238263e+00 0.000000000000000000e+00
1.649546861648559570e+00 2.788729455470988050e+00 0.000000000000000000e+00
1.675149679183959961e+00 2.789810998439737677e+00 0.000000000000000000e+00
1.701149940490722656e+00 2.790819299220987038e+00 0.000000000000000000e+00
1.727553606033325195e+00 2.791764123439736789e+00 0.000000000000000000e+00
1.754367232322692871e+00 2.792650353908486149e+00 0.000000000000000000e+00
1.781597018241882324e+00 2.793473107814735901e+00 0.000000000000000000e+00
1.809249401092529297e+00 2.794242150783485368e+00 0.000000000000000000e+00
1.837330937385559082e+00 2.794957482814735439e+00 0.000000000000000000e+00
1.865848422050476074e+00 2.795628869533485439e+00 0.000000000000000000e+00
1.894808530807495117e+00 2.796251428127234817e+00 0.000000000000000000e+00
1.924218058586120605e+00 2.796834924220984231e+00 0.000000000000000000e+00
1.954084038734436035e+00 2.797379357814733236e+00 0.000000000000000000e+00
1.984413623809814453e+00 2.797889611720982384e+00 0.000000000000000000e+00
2.015213966369628906e+00 2.798370568752231780e+00 0.000000000000000000e+00
2.046492338180541992e+00 2.798822228908480980e+00 0.000000000000000000e+00
2.078256368637084961e+00 2.799249475002230536e+00 0.000000000000000000e+00
2.110513210296630859e+00 2.799657189845979666e+00 0.000000000000000000e+00
2.143270730972290039e+00 2.800045373439729257e+00 0.000000000000000000e+00
2.176536798477172852e+00 2.800418908595978529e+00 0.000000000000000000e+00
2.210319042205810547e+00 2.800782678127228476e+00 0.000000000000000000e+00
2.244625568389892578e+00 2.801141564845977872e+00 0.000000000000000000e+00
2.279464721679687500e+00 2.801495568752227161e+00 0.000000000000000000e+00
2.314844608306884766e+00 2.801849572658476450e+00 0.000000000000000000e+00
2.350773572921752930e+00 2.802203576564725740e+00 0.000000000000000000e+00
2.387260198593139648e+00 2.802567346095975243e+00 0.000000000000000000e+00
2.424313306808471680e+00 2.802935998439724408e+00 0.000000000000000000e+00
2.461941242218017578e+00 2.803319299220973893e+00 0.000000000000000000e+00
2.500153303146362305e+00 2.803717248439723253e+00 0.000000000000000000e+00
2.538958549499511719e+00 2.804134728908472152e+00 0.000000000000000000e+00
2.578366041183471680e+00 2.804576623439721583e+00 0.000000000000000000e+00
2.618385314941406250e+00 2.805042932033470660e+00 0.000000000000000000e+00
2.659025669097900391e+00 2.805533654689719825e+00 0.000000000000000000e+00
2.700296640396118164e+00 2.806058557033469292e+00 0.000000000000000000e+00
2.742208242416381836e+00 2.806617639064719061e+00 0.000000000000000000e+00
2.784770488739013672e+00 2.807215783595968350e+00 0.000000000000000000e+00
2.827993154525756836e+00 2.807852990627217604e+00 0.000000000000000000e+00
2.871886968612670898e+00 2.808534142970967373e+00 0.000000000000000000e+00
2.916461706161499023e+00 2.809264123439716432e+00 0.000000000000000000e+00
2.961728572845458984e+00 2.810042932033466112e+00 0.000000000000000000e+00
3.007698059082031250e+00 2.810870568752215970e+00 0.000000000000000000e+00
3.054380893707275391e+00 2.811761682033465437e+00 0.000000000000000000e+00
3.101788282394409180e+00 2.812706506252215188e+00 0.000000000000000000e+00
3.149931430816650391e+00 2.813714807033464549e+00 0.000000000000000000e+00
3.198822021484375000e+00 2.814786584377213963e+00 0.000000000000000000e+00
3.248471260070800781e+00 2.815931603908464087e+00 0.000000000000000000e+00
3.298891305923461914e+00 2.817144982814713483e+00 0.000000000000000000e+00
3.350093841552734375e+00 2.818431603908462701e+00 0.000000000000000000e+00
3.402091026306152344e+00 2.819796350002211849e+00 0.000000000000000000e+00
3.454895257949829102e+00 2.821244103908461032e+00 0.000000000000000000e+00
3.508519172668457031e+00 2.822769982814710144e+00 0.000000000000000000e+00
3.562975406646728516e+00 2.824383752345960286e+00 0.000000000000000000e+00
3.618276596069335938e+00 2.826090295314709788e+00 0.000000000000000000e+00
3.674436330795288086e+00 2.827889611720959540e+00 0.000000000000000000e+00
3.731467962265014648e+00 2.829781701564709095e+00 0.000000000000000000e+00
3.789384365081787109e+00 2.831776330470959113e+00 0.000000000000000000e+00
3.848199844360351562e+00 2.833868615627208598e+00 0.000000000000000000e+00
3.907928466796875000e+00 2.836068322658458651e+00 0.000000000000000000e+00
3.968583822250366211e+00 2.838375451564707941e+00 0.000000000000000000e+00
4.030180931091308594e+00 2.840790002345956911e+00 0.000000000000000000e+00
4.092733860015869141e+00 2.843321740627206662e+00 0.000000000000000000e+00
4.156257629394531250e+00 2.845970666408456307e+00 0.000000000000000000e+00
4.220767498016357422e+00 2.848741662502205951e+00 0.000000000000000000e+00
4.286278247833251953e+00 2.851634728908455596e+00 0.000000000000000000e+00
4.352806091308593750e+00 2.854649865627205241e+00 0.000000000000000000e+00
4.420366764068603516e+00 2.857796838283454655e+00 0.000000000000000000e+00
4.488976001739501953e+00 2.861070764064704175e+00 0.000000000000000000e+00
4.558649539947509766e+00 2.864481408595953571e+00 0.000000000000000000e+00
4.629405021667480469e+00 2.868028771877203287e+00 0.000000000000000000e+00
4.701258659362792969e+00 2.871712853908453322e+00 0.000000000000000000e+00
4.774227619171142578e+00 2.875538537502202896e+00 0.000000000000000000e+00
4.848329067230224609e+00 2.879505822658452452e+00 0.000000000000000000e+00
4.923580646514892578e+00 2.883619592189702541e+00 0.000000000000000000e+00
5.000000000000000000e+00 2.887879846095951830e+00 0.000000000000000000e+00
