0.0570 0.057 2.00 1.50 0.66667e-2 0.60 0.41667e-1
0.1000 0.043 2.30 3.50 0.28571e-2 1.80 0.13889e-1
0.3000 0.200 2.40 4.50 0.88888e-3 2.50 0.40000e-2
1.0000 0.700 2.40 5.55 0.36036e-3 3.05 0.16393e-2
3.0000 2.000 2.60 5.88 0.34014e-3 3.24 0.15432e-2
3.1000 0.100 2.60 5.70 0.70200e-3 3.14 0.31840e-2
3.3000 0.200 2.60 5.65 0.70796e-3 3.10 0.32258e-2
3.5000 0.200 2.60 5.60 0.71428e-3 3.06 0.32680e-2
4.5000 1.000 2.60 5.57 0.71814e-3 3.03 0.33006e-2
5.0000 0.500 2.60 5.55 0.72072e-3 3.02 0.33112e-2
6.0000 0.500 2.60 5.57 0.71814e-3 3.03 0.33006e-2
6.2000 0.200 2.60 5.60 0.71428e-3 3.06 0.32680e-2
6.4000 0.200 2.60 5.65 0.70796e-3 3.10 0.32258e-2
6.5000 0.100 2.60 5.70 0.70200e-3 3.14 0.31840e-2
11.000 4.500 2.60 5.88 0.34012e-3 3.25 0.15385e-2
11.100 0.100 2.60 6.10 0.16400e-3 3.40 0.73520e-3
11.200 0.100 2.60 6.20 0.16130e-3 3.50 0.71420e-3
11.300 0.100 2.60 6.30 0.15874e-3 3.60 0.69440e-3
12.000 0.700 2.60 6.45 0.15504e-3 3.75 0.66666e-3
14.500 2.500 2.60 6.47 0.15456e-3 3.77 0.66312e-3
19.500 5.000 2.60 6.50 0.15385e-3 3.80 0.65790e-3
24.500 5.000 2.60 6.55 0.15268e-3 3.82 0.65446e-3
25.500 1.000 2.75 6.55 0.15268e-3 3.82 0.65446e-3
27.500 2.000 2.75 7.00 0.14286e-3 3.85 0.64936e-3
29.500 2.000 2.80 7.00 0.14286e-3 3.85 0.64936e-3
37.000 7.500 2.80 6.50 0.30769e-3 3.75 0.13333e-3
41.000 4.000 2.85 7.00 0.14286e-3 3.85 0.64936e-3
44.000 3.000 3.20 7.50 0.66667e-4 4.25 0.29412e-3
45.500 1.500 3.40 8.00 0.62500e-4 4.50 0.27778e-3
54.500 9.000 3.45 8.20 0.60976e-4 4.65 0.26882e-3
55.000 1.000 3.45 8.20 0.60976e-4 4.65 0.26882e-3